0
0
0
0
0
0
0
0
0
0
0
0
0
0
0
0
0
0
0
0
0
0
0
0
0
0
0
0
0
0
0
0
0
0
0
0
0
0
0
0
0
0
0
0
0
0
0
0
0
0
0
0
0
0
0
0
0
0
0
0
0
0
0
0
0
0
0
0
0
0
0
0
0
0
0
0
0
0
0
0
0
0
0
0
0
0
0
0
0
0
0
0
0
0
0
0
0
0
0
0
0
0
0
0
0
0
0
0
0
0
0
0
0
0
0
0
0
0
0
0
0
0
0
0
0
0
0
0
0
0
0
0
0
0
0
0
0
0
0
0
0
0
0
0
0
0
0
0
0
0
0
0
0
0
0
0
0
0
0
0
0
0
0
0
0
0
0
0
0
0
0
0
0
0
0
0
0
0
0
0
0
0
0
0
0
0
0
0
0
0
0
0
0
0
0
0
0
0
0
0
0
0
0
0
0
0
0
0
0
0
0
0
0
0
0
0
0
0
0
0
0
0
0
0
0
0
0
0
0
0
0
0
0
0
0
0
0
0
0
0
0
0
0
0
0
0
0
0
0
0
0
0
0
0
0
0
0
0
0
0
0
0
0
0
0
0
0
0
0
0
0
0
0
0
0
0
0
0
0
0
0
0
0
0
0
0
0
0
0
0
0
0
0
0
0
0
0
0
0
0
0
0
0
0
0
0
0
0
0
0
0
0
0
0
0
0
0
0
0
0
0
0
0
0
0
0
0
0
0
0
0
0
0
0
0
0
0
0
0
0
0
0
0
0
0
0
0
0
0
0
0
0
0
0
0
0
0
0
0
0
0
0
0
0
0
0
0
0
0
0
0
0
0
0
0
0
0
0
0
0
0
0
0
0
0
0
0
0
0
0
0
0
0
0
0
0
0
0
0
0
0
0
0
0
0
0
0
0
0
0
0
0
0
0
0
0
0
0
0
0
0
0
0
0
0
0
0
0
0
0
0
0
0
0
0
0
0
0
0
0
0
0
0
0
0
0
0
0
0
0
0
0
0
0
0
0
0
0
0
0
0
0
0
0
0
0
0
0
0
0
0
0
0
0
0
0
0
0
0
0
0
0
0
0
0
0
0
0
0
0
0
0
0
0
0
0
0
0
0
0
0
0
0
0
0
0
0
0
0
0
0
0
0
0
0
0
0
0
0
0
0
0
0
0
0
0
0
0
0
0
0
0
0
0
0
0
0
0
0
0
0
0
0
0
0
0
0
0
0
0
0
0
0
0
0
0
0
0
0
0
0
0
0
0
0
0
0
0
0
0
0
0
0
0
0
0
0
0
0
0
0
0
0
0
0
0
0
0
0
0
0
0
0
0
0
0
0
0
0
0
0
0
0
0
0
0
0
0
0
0
0
0
0
0
0
0
0
0
0
0
0
0
0
0
0
0
0
0
0
0
0
0
0
0
0
0
0
0
0
0
0
0
0
0
0
0
0
0
0
0
0
0
0
0
0
0
0
0
0
0
0
0
0
0
0
0
0
0
0
0
0
0
0
0
0
0
0
0
0
0
0
0
0
0
0
0
0
0
0
0
0
0
0
0
0
0
0
0
0
0
0
0
0
0
0
0
0
0
0
0
0
0
0
0
0
0
0
0
0
0
0
0
0
0
0
0
0
0
0
0
0
0
0
0
0
0
0
0
0
0
0
0
0
0
0
0
0
0
0
0
0
0
0
0
0
0
0
0
0
0
0
0
0
0
0
0
0
0
0
0
0
0
0
0
0
0
0
0
0
0
0
0.000195544
-0.00054172
0.000542512
0.00417477
0.00584475
0.00711721
0.00775344
0.00788549
0.00781645
0.00736244
0.00695891
0.00626277
0.00576354
0.00502682
0.0045508
0.00387385
0.00346127
0.00287894
0.00252696
0.00203737
0.00172555
0.00131098
0.001017
0.000657282
0.000365376
4.5756e-05
-0.000249792
-0.000536464
-0.000832943
-0.00108767
-0.0013769
-0.00159695
-0.00186876
-0.00205071
-0.00229639
-0.0024393
-0.00265427
-0.00276031
-0.00294323
-0.00301635
-0.00316793
-0.00321277
-0.00333478
-0.00335602
-0.00345075
-0.00345284
-0.00352304
-0.00351044
-0.00355956
-0.00353704
-0.00356925
-0.00354159
-0.00356072
-0.00353135
-0.0035398
-0.00351003
-0.00350798
-0.00347683
-0.0034627
-0.00342761
-0.00339882
-0.00335684
-0.00331172
-0.0032618
-0.00320092
-0.00314411
-0.00307021
-0.00300944
-0.00292658
-0.00286552
-0.00277807
-0.00272009
-0.00263111
-0.0025775
-0.00248806
-0.00243852
-0.00234822
-0.00230124
-0.00220887
-0.00216246
-0.00206651
-0.00201854
-0.00191723
-0.00186516
-0.00175637
-0.00169759
-0.00157921
-0.00151123
-0.00138133
-0.00130196
-0.001159
-0.00106671
-0.000910252
-0.00080507
-0.000636062
-0.000519005
-0.000339175
-0.000212003
-2.3662e-05
0.000111378
0.000305545
0.000445734
0.000642271
0.000783844
0.00097853
0.00111743
0.00130602
0.00143823
0.00161664
0.00173836
0.00190285
0.00201071
0.00215811
0.00224949
0.00237754
0.00245075
0.00255806
0.00261217
0.00269808
0.00273277
0.00279722
0.00281307
0.00285768
0.00285737
0.00288493
0.00287086
0.00288336
0.00285727
0.00285615
0.00281925
0.00280553
0.00275845
0.00273202
0.00267398
0.002634
0.00256451
0.00251084
0.00243004
0.00236315
0.00227175
0.00219258
0.00209152
0.00200079
0.00189055
0.00178904
0.00167088
0.00156025
0.00143603
0.00131839
0.00119029
0.00106802
0.000939452
0.000818783
0.000698522
0.000588015
0.00048237
0.000386434
0.000298214
0.000218382
0.000148025
8.36155e-05
2.71132e-05
-3.31577e-05
-9.41901e-05
-0.000168701
-0.000247773
-0.000345499
-0.000448078
-0.00057134
-0.000697375
-0.000843663
-0.000985639
-0.00113691
-0.00126689
-0.00139505
-0.00149201
-0.00158248
-0.0016371
-0.00168498
-0.00169595
-0.00170317
-0.00167815
-0.00166323
-0.00163106
-0.00162298
-0.0016055
-0.00161925
-0.00162602
-0.00166638
-0.0016985
-0.00176308
-0.00181258
-0.00188281
-0.00192126
-0.00196855
-0.00197457
-0.00198432
-0.00194887
-0.00191674
-0.00183935
0.0105586
0.0255995
0.0148131
0.00453797
0.00205685
-0.00425549
-0.00535902
-0.00820388
-0.0084015
-0.00907544
-0.00872482
-0.0082193
-0.00765304
-0.00662871
-0.00608504
-0.00495116
-0.00457007
-0.00354864
-0.0033813
-0.00256367
-0.00259693
-0.00198213
-0.00213493
-0.00163619
-0.00179874
-0.00133442
-0.00143367
-0.000951891
-0.000950164
-0.000427403
-0.000317878
0.000233277
0.00039674
0.000897064
0.0010308
0.00142179
0.00147997
0.00173682
0.00170214
0.00182362
0.00169793
0.00169681
0.00149134
0.00138571
0.00111664
0.000929248
0.000616797
0.000372203
3.74673e-05
-0.000240328
-0.000575843
-0.000853967
-0.00113938
-0.00134906
-0.00152721
-0.00163147
-0.00168627
-0.00168137
-0.0016218
-0.0015227
-0.0013715
-0.00121012
-0.00101935
-0.000857989
-0.000680282
-0.000548699
-0.000397525
-0.000295741
-0.000163389
-7.75052e-05
5.26462e-05
0.000147028
0.000312295
0.000461147
0.000696432
0.000915786
0.00122035
0.00149777
0.00184957
0.00215734
0.00252311
0.00281719
0.00312963
0.00332477
0.0035041
0.00354199
0.00355034
0.00341204
0.00324686
0.00294431
0.00263071
0.00220994
0.00182831
0.00140026
0.00106388
0.000724832
0.000510024
0.000316707
0.000260758
0.000232733
0.00033777
0.000454558
0.000666651
0.000844678
0.00107271
0.00123001
0.00140434
0.00148484
0.00156334
0.00153854
0.00150604
0.00137704
0.00125641
0.00106567
0.000906217
0.000700341
0.000543545
0.000357858
0.00023216
8.8157e-05
8.12968e-06
-8.70991e-05
-0.00012318
-0.0001796
-0.000186524
-0.000220618
-0.000215042
-0.000242644
-0.000238809
-0.000272148
-0.000279809
-0.000324984
-0.000344643
-0.000396976
-0.000422057
-0.000475662
-0.000501493
-0.0005532
-0.000578198
-0.000628065
-0.0006544
-0.000710458
-0.000757512
-0.000847447
-0.000938929
-0.001076
-0.00121614
-0.00139765
-0.00157834
-0.00179231
-0.001998
-0.00222122
-0.00241432
-0.00260094
-0.00274532
-0.00287718
-0.00296863
-0.00305125
-0.00310169
-0.00315063
-0.00317769
-0.00321524
-0.00325016
-0.00331044
-0.00337505
-0.00346198
-0.00354689
-0.00364257
-0.00372495
-0.0038047
-0.00386029
-0.00390274
-0.00391579
-0.00391314
-0.00388352
-0.00384096
-0.0037764
-0.00370225
-0.00361008
-0.00350968
-0.00339132
-0.00325402
-0.00307451
-0.00284639
-0.00255723
-0.00220949
-0.00179988
-0.00133666
-0.000823079
-0.000270658
0.000310794
0.00089392
0.00144253
0.00192683
0.00233199
0.00265077
0.00288365
0.00303759
0.00312176
0.00315096
0.0351298
0.0224281
-0.0120624
-0.00141608
-0.0165956
-0.0141283
-0.0183088
-0.0182577
-0.0169012
-0.0169597
-0.0130529
-0.0127249
-0.00803944
-0.00758243
-0.00314398
-0.00287428
0.00083129
0.000722324
0.00354479
0.00300894
0.00500017
0.00411782
0.00548471
0.00443962
0.0054112
0.00434411
0.00508368
0.0040786
0.00468846
0.00378177
0.0043137
0.00349596
0.00394013
0.00315686
0.00349032
0.00270959
0.00293388
0.00214986
0.00228629
0.0015131
0.00177288
0.000390083
0.0014722
0.00414321
0.00588359
0.00664885
0.00761855
0.00755461
0.00802462
0.00758309
0.00783168
0.00723032
0.00734006
0.00660516
0.00656091
0.00569896
0.00549388
0.00452191
0.00416924
0.0031205
0.00265996
0.00160739
0.00115407
0.000226459
-0.000116211
-0.000857652
-0.00105196
-0.00159852
-0.00164576
-0.00201785
-0.00193952
-0.00217314
-0.00200402
-0.00213857
-0.00190274
-0.00196056
-0.00167109
-0.00166916
-0.00133914
-0.00129697
-0.000946914
-0.000902825
-0.00059086
-0.000615036
-0.000395767
-0.000525354
-0.000417941
-0.000659971
-0.00065927
-0.0010009
-0.00108663
-0.00150278
-0.00164578
-0.00210715
-0.00227991
-0.00275998
-0.00293536
-0.00340512
-0.0035522
-0.00397788
-0.00405892
-0.0043877
-0.00432597
-0.00447081
-0.00419637
-0.00411247
-0.00360537
-0.00329439
-0.0025767
-0.0020771
-0.00120331
-0.000587854
0.000346224
0.000971004
0.0018645
0.00241196
0.0031918
0.00360371
0.00422471
0.00446912
0.0049101
0.00497589
0.00523266
0.00512266
0.00520404
0.00493366
0.0048601
0.004455
0.00425578
0.00374893
0.00345919
0.00288786
0.00254582
0.00194998
0.00159669
0.00101784
0.000693179
0.000169047
-9.2605e-05
-0.000531066
-0.000702052
-0.00102581
-0.00107209
-0.0012483
-0.0011492
-0.00117178
-0.000934231
-0.000821274
-0.000472913
-0.000259697
0.000157369
0.000419605
0.000842974
0.00108836
0.00145959
0.00164012
0.00192031
0.00200507
0.00217029
0.00214127
0.00217924
0.00203263
0.00195005
0.00169565
0.00149586
0.00112953
0.000804599
0.000317041
-0.000141451
-0.000756417
-0.00135246
-0.0021033
-0.00285505
-0.00375745
-0.00466
-0.00568625
-0.00669431
-0.00778633
-0.00883278
-0.00991812
-0.0109274
-0.0119275
-0.0128175
-0.0136523
-0.0143518
-0.0149619
-0.0154227
-0.015771
-0.0159665
-0.0160361
-0.0159579
-0.0157494
-0.0154076
-0.0149403
-0.0143603
-0.013662
-0.0128693
-0.0119606
-0.0109686
-0.00985484
-0.000175891
-0.0680427
-0.0515352
-0.0227035
-0.0366411
-0.00989875
-0.0234414
-0.00360511
-0.0136574
0.000715581
-0.0055898
0.00481634
0.00171797
0.00913693
0.00847555
0.0135133
0.0145354
0.0175879
0.019675
0.0210577
0.023777
0.0238253
0.0269765
0.0260567
0.0295221
0.0279113
0.0315789
0.0294531
0.0331844
0.0306175
0.0342313
0.0311703
0.0343839
0.0306944
0.0332997
0.0289446
0.0308645
0.0259107
0.0271919
0.0218017
0.0349592
0.044342
0.0339816
0.0181604
0.0162811
0.00488475
0.00464151
-0.00275536
-0.00184188
-0.00658226
-0.00496848
-0.00819428
-0.00641729
-0.00899314
-0.00745156
-0.00990396
-0.00881187
-0.0114053
-0.010821
-0.013634
-0.0135037
-0.0164793
-0.0166427
-0.0196275
-0.0199162
-0.0227881
-0.0230827
-0.0257499
-0.0259577
-0.0283424
-0.0283822
-0.0304185
-0.0302396
-0.0318978
-0.0314609
-0.0326907
-0.0319354
-0.0326823
-0.0315585
-0.0317888
-0.0302763
-0.0300008
-0.0281361
-0.0274065
-0.025232
-0.0240905
-0.0216424
-0.0201299
-0.0174466
-0.0156091
-0.0127318
-0.0105964
-0.00751663
-0.00508311
-0.00184204
0.000794004
0.00407075
0.00675753
0.0099123
0.0124862
0.0153628
0.0176568
0.0200801
0.0219302
0.0237919
0.0251416
0.0264334
0.0273032
0.0280736
0.0285237
0.0288451
0.0289477
0.0289027
0.0287486
0.0284359
0.0281161
0.0276273
0.0272297
0.0266568
0.0262719
0.0257152
0.0254649
0.0250654
0.0250453
0.0248292
0.0250058
0.0248936
0.0251421
0.0249762
0.0251077
0.0246737
0.0244257
0.0234328
0.0225644
0.0208714
0.0193213
0.0169407
0.0147836
0.0118469
0.00925854
0.0059841
0.00322897
-8.48437e-05
-0.0027364
-0.00587551
-0.00825969
-0.0111035
-0.0131431
-0.0156508
-0.0173401
-0.0195348
-0.0209324
-0.0228971
-0.0240791
-0.0258628
-0.0268585
-0.0284703
-0.0292718
-0.0306869
-0.0312572
-0.0324251
-0.0326972
-0.033536
-0.0334384
-0.0339017
-0.0334127
-0.0334983
-0.0326343
-0.0323727
-0.0311772
-0.0306233
-0.0291711
-0.0284147
-0.0267833
-0.0258688
-0.0240745
-0.0229945
-0.0210117
-0.0197255
-0.0175036
-0.0159491
-0.0134014
-0.0114742
-0.00853618
-0.00624449
-0.00298684
-0.000452254
0.00296003
0.00553886
0.0088808
0.011254
0.0142259
0.0160589
0.0183914
0.0195428
0.0212044
0.0217353
0.0228642
0.0229755
0.0238211
0.0616039
-0.0781714
0.045933
-0.0196228
0.0422685
0.00427962
0.041585
0.0181657
0.0411778
0.0266709
0.0408855
0.0318134
0.04021
0.0343491
0.0386968
0.0346909
0.0361111
0.0331476
0.032423
0.0300485
0.0277868
0.0258177
0.0225696
0.0209788
0.0171563
0.01592
0.0117967
0.010886
0.00664596
0.00603646
0.00180858
0.00147061
-0.00269619
-0.0028337
-0.00691237
-0.00685508
-0.0107704
-0.0104771
-0.0141459
0.016566
0.00119005
-0.0302601
-0.0229573
-0.036083
-0.0364563
-0.0390828
-0.0417285
-0.0391469
-0.0419662
-0.0371174
-0.0397083
-0.0343361
-0.0370258
-0.0321708
-0.0352654
-0.0313206
-0.0348864
-0.0318362
-0.0357425
-0.033347
-0.0373457
-0.0352506
-0.0390067
-0.0368158
-0.0400363
-0.0374596
-0.0399589
-0.0368116
-0.0384892
-0.0346671
-0.0354804
-0.0309228
-0.0308737
-0.0256192
-0.0248181
-0.0189835
-0.0175908
-0.0113375
-0.00954549
-0.00306041
-0.00107405
0.00545861
0.00746382
0.0138875
0.0157343
0.0218671
0.0233602
0.0290142
0.0299644
0.0349662
0.0351987
0.039349
0.038642
0.041791
0.0401048
0.0423173
0.0397943
0.0412758
0.0381611
0.0391847
0.0357698
0.0366679
0.0333103
0.0343926
0.0313044
0.0326923
0.0299188
0.031599
0.0290823
0.030967
0.0286008
0.0305754
0.0282376
0.030173
0.027738
0.0295185
0.0268825
0.0284165
0.0255006
0.0267213
0.0234659
0.0243003
0.0206265
0.0210339
0.0169622
0.0170144
0.0126573
0.0124947
0.00801156
0.00780245
0.00336707
0.00329053
-0.00092481
-0.000731901
-0.00463052
-0.00410752
-0.00765972
-0.00680474
-0.0100304
-0.00888205
-0.0118308
-0.0104369
-0.0131432
-0.0115403
-0.0140609
-0.012328
-0.0147543
-0.01299
-0.0154212
-0.0137216
-0.0162506
-0.0147212
-0.017451
-0.0161454
-0.0190628
-0.0179129
-0.0209042
-0.0197629
-0.0226565
-0.0213377
-0.0239336
-0.0222103
-0.0242925
-0.0220395
-0.0235807
-0.0208464
-0.0219596
-0.0189096
-0.0198003
-0.0166687
-0.017595
-0.0146752
-0.015926
-0.0134264
-0.0151186
-0.0130844
-0.0151999
-0.0135616
-0.0159895
-0.0146061
-0.0171826
-0.0158695
-0.0183962
-0.0169616
-0.0192671
-0.0175626
-0.0195203
-0.0174392
-0.0189594
-0.0164276
-0.017446
-0.014398
-0.0148715
-0.0113262
-0.0113285
-0.00739661
-0.00706941
-0.00291643
-0.00244234
0.00173816
0.149725
0.0437314
0.0308542
0.0310991
0.00517731
0.0210211
-0.00518686
0.0183699
-0.00608182
0.0204199
-0.00236551
0.0243553
0.00264527
0.0281368
0.00708165
0.030761
0.0102283
0.0320249
0.0120975
0.032213
0.0130973
0.0319172
0.0139388
0.0318204
0.0150928
0.0321766
0.01663
0.0329009
0.018339
0.0336813
0.0198276
0.0340095
0.0204803
0.033307
0.0199085
0.0313712
0.0180639
0.0282777
0.0151288
0.024285
0.0170761
-0.0318583
-0.0301732
0.00110618
-0.0229368
0.00555238
-0.0181052
0.00367112
-0.0169946
-0.000608689
-0.0180437
-0.00572379
-0.0203786
-0.0111547
-0.0234706
-0.0165193
-0.0268142
-0.0214359
-0.0299011
-0.0254902
-0.0321959
-0.0281051
-0.0328891
-0.0286225
-0.0316256
-0.0271037
-0.0287026
-0.0241003
-0.0247976
-0.0204258
-0.0207805
-0.0171205
-0.0178353
-0.0152834
-0.0166493
-0.0151994
-0.0171692
-0.0165696
-0.0188943
-0.0187686
-0.0210985
-0.0209678
-0.0228394
-0.0222891
-0.0234881
-0.0223938
-0.0229345
-0.0213608
-0.0213959
-0.0195114
-0.0192651
-0.0173312
-0.0171151
-0.0153566
-0.0152942
-0.0137298
-0.0137768
-0.0122955
-0.0123086
-0.0107338
-0.0105184
-0.00859384
-0.00787387
-0.00540666
-0.00411236
-0.00112035
0.000652946
0.00401705
0.00607029
0.009578
0.0116508
0.0149753
0.0167115
0.0195906
0.0208483
0.0232269
0.0240255
0.0259826
0.0264489
0.0281445
0.0284778
0.0301968
0.0307208
0.0326723
0.0334587
0.0356179
0.036562
0.0387579
0.0396395
0.0416157
0.0421423
0.0435255
0.0432961
0.0437979
0.042657
0.0422131
0.04018
0.0388785
0.0361002
0.0341323
0.0308429
0.0285024
0.0250249
0.022582
0.019125
0.0167446
0.0134329
0.0112026
0.00809268
0.00604211
0.00313727
0.00122703
-0.00153886
-0.00334683
-0.00596543
-0.00763072
-0.0100362
-0.0114753
-0.0135726
-0.0146852
-0.0163638
-0.0169953
-0.018072
-0.0181165
-0.0186103
-0.0181826
-0.0182787
-0.017613
-0.0175749
-0.016947
-0.017059
-0.0167915
-0.0173956
-0.0177337
-0.01892
-0.0198281
-0.0214654
-0.0227424
-0.024584
-0.0259576
-0.0277254
-0.0289298
-0.0303682
-0.0311584
-0.0320613
-0.032277
-0.0325222
-0.0320731
-0.0315964
-0.0304381
-0.0292027
-0.0272723
-0.0252115
-0.0225061
-0.019679
-0.0162931
-0.0128262
-0.00891123
-0.00497597
-0.000717139
0.0357402
0.245382
0.042005
0.114743
0.0220363
0.0593695
0.0145649
0.0388433
0.019694
0.0367304
0.0308452
0.0422807
0.0422062
0.0485001
0.050128
0.0519258
0.0533273
0.0515561
0.052079
0.0478092
0.0474936
0.0418768
0.0412406
0.0353206
0.0347101
0.0290114
0.0284809
0.0231553
0.0225692
0.0175422
0.0166698
0.0117255
0.0102786
0.0052343
0.00315988
-0.00192118
-0.00445971
-0.00937289
-0.0121038
-0.0165903
0.0168063
-0.124404
-0.00286482
-0.072033
-0.012137
-0.0541855
-0.0190453
-0.0467156
-0.026154
-0.0449085
-0.0333035
-0.0463209
-0.0403183
-0.0494046
-0.0468341
-0.0530181
-0.052452
-0.0563369
-0.0568034
-0.0587525
-0.0595663
-0.0597625
-0.0603758
-0.0589554
-0.0590994
-0.0563046
-0.0559249
-0.0520556
-0.0512266
-0.0465986
-0.0454693
-0.0404494
-0.0393129
-0.0342751
-0.0333013
-0.0284051
-0.0276063
-0.0228648
-0.0221581
-0.0175021
-0.0167524
-0.012012
-0.0109734
-0.00598923
-0.00460872
0.000555063
0.00214554
0.0072887
0.0088568
0.0137192
0.0149975
0.0192996
0.0200407
0.0236208
0.0237459
0.0265871
0.026128
0.0283017
0.0273543
0.028976
0.0276545
0.0288008
0.0271197
0.027813
0.0258476
0.0262148
0.0241216
0.0243448
0.0223135
0.0225884
0.0208116
0.0213492
0.0200257
0.0209561
0.0201261
0.021427
0.0210133
0.0225738
0.0224377
0.0241084
0.0241034
0.025803
0.0259254
0.0276416
0.0277956
0.0293679
0.0293442
0.0305362
0.0300817
0.0306415
0.0294932
0.0290836
0.0268463
0.0252022
0.0218271
0.0190793
0.0148319
0.0113476
0.00665961
0.00290916
-0.0017316
-0.00523267
-0.00932081
-0.0121611
-0.015412
-0.0174105
-0.0197337
-0.0208711
-0.0223051
-0.0226602
-0.0233082
-0.0229668
-0.022889
-0.0219362
-0.0212774
-0.0199008
-0.0188784
-0.0173104
-0.0161635
-0.0146388
-0.0136023
-0.0123865
-0.0117451
-0.0110457
-0.0108884
-0.0106964
-0.0109401
-0.0111158
-0.0115841
-0.0119283
-0.0124147
-0.0127276
-0.0130635
-0.0132137
-0.013294
-0.013195
-0.0129536
-0.0125559
-0.0119592
-0.0112412
-0.0102663
-0.00913937
-0.00761762
-0.0059507
-0.00387621
-0.00176951
0.000676414
0.00298402
0.00552421
0.00773661
0.0100605
0.0118294
0.0135719
0.0146171
0.0156257
0.0159013
0.0162144
0.0158251
0.0155939
0.0147222
-0.117112
0.159538
0.155575
0.0791616
0.121736
0.0535235
0.0959692
0.0410925
0.0794023
0.0345919
0.0678072
0.0301245
0.0583842
0.0259927
0.0500251
0.021756
0.04234
0.0174214
0.0352674
0.0131729
0.0288787
0.00923303
0.0232852
0.00579573
0.0185536
0.00295805
0.0146752
0.000737479
0.0115948
-0.000891451
0.00924067
-0.00198138
0.00745562
-0.00280985
0.00583024
-0.00377312
0.00398626
-0.00519446
0.00162388
-0.00732466
0.140538
0.0312261
0.0195113
0.0110726
-0.0120075
-0.00590027
-0.0287046
-0.015233
-0.0360798
-0.0196517
-0.0387632
-0.0218651
-0.0398341
-0.0237315
-0.0409394
-0.0261079
-0.0426577
-0.0291159
-0.0449101
-0.032441
-0.0472711
-0.0354986
-0.0490516
-0.0376555
-0.0498545
-0.0387527
-0.049711
-0.0389741
-0.0489172
-0.0386961
-0.0479063
-0.0384447
-0.047288
-0.038761
-0.0473707
-0.0397232
-0.0480488
-0.0410896
-0.0489769
-0.0424522
-0.0497019
-0.0433099
-0.0496829
-0.0431951
-0.0486159
-0.0419668
-0.0464834
-0.0397118
-0.043449
-0.0366535
-0.039783
-0.0331463
-0.0359256
-0.0295899
-0.0320957
-0.0260186
-0.0281841
-0.0222188
-0.0239037
-0.0178628
-0.0188891
-0.0124688
-0.0124993
-0.00546825
-0.0045184
0.00295448
0.00455143
0.0120591
0.01381
0.020851
0.0222074
0.0281698
0.0284507
0.0328206
0.0317353
0.0344511
0.0320914
0.0333926
0.0300765
0.0303583
0.0265093
0.0262715
0.0224151
0.0221354
0.0186144
0.018532
0.0154742
0.0156492
0.0130411
0.013426
0.011171
0.0116224
0.00952378
0.00988979
0.00786536
0.00814551
0.00624432
0.00653983
0.00488448
0.00534332
0.00409139
0.00492943
0.00431448
0.00568857
0.00573658
0.00758031
0.00814001
0.010251
0.0110748
0.0131891
0.0139855
0.0157568
0.0161522
0.0173268
0.0172163
0.0178117
0.0173008
0.0174958
0.016806
0.0168542
0.016261
0.0165025
0.0163266
0.0169115
0.0171295
0.0179393
0.0183539
0.0191415
0.0194673
0.0199332
0.0198545
0.0196682
0.018942
0.018076
0.0167997
0.0153839
0.0137054
0.0119061
0.0100014
0.00800501
0.00606553
0.00406476
0.00220252
0.000183312
-0.00165705
-0.00371776
-0.00553472
-0.00761314
-0.00937209
-0.0114242
-0.013083
-0.0150717
-0.0165781
-0.018406
-0.0196478
-0.0212115
-0.0220999
-0.0233222
-0.0237941
-0.0246228
-0.140202
-0.131577
0.0278828
0.00637919
0.0635714
0.0758447
0.0843973
0.100082
0.0879116
0.0991757
0.0792169
0.0859559
0.0643957
0.0682793
0.0480454
0.0506317
0.0329459
0.0351958
0.0203321
0.0226454
0.0103773
0.0127643
0.00266851
0.00507163
-0.00317201
-0.000805602
-0.00746667
-0.00516745
-0.0104245
-0.00816234
-0.012089
-0.00972992
-0.0123136
-0.00982783
-0.0112271
-0.00868179
-0.00906984
-0.00655578
-0.0061243
-0.0037606
0.0188542
0.231999
0.0298563
0.103089
0.0103017
0.0468419
0.001314
0.0235272
0.00321687
0.0171937
0.00991586
0.0176214
0.016182
0.0184154
0.0189116
0.0165128
0.0170857
0.0110592
0.0110535
0.00249334
0.00191753
-0.008061
-0.00883254
-0.0193011
-0.0199716
-0.0302899
-0.0306172
-0.0403511
-0.040182
-0.0490816
-0.0483517
-0.0562898
-0.0549453
-0.0618273
-0.0598611
-0.065737
-0.0632689
-0.0683019
-0.0655124
-0.0699101
-0.0669981
-0.0710199
-0.0682337
-0.0720688
-0.0694573
-0.0731243
-0.0706297
-0.0740597
-0.0715471
-0.0746078
-0.0718923
-0.0744207
-0.0713742
-0.0733922
-0.0700419
-0.0715323
-0.0677739
-0.0686269
-0.0643195
-0.0644286
-0.0594593
-0.0587038
-0.0528432
-0.050974
-0.0440672
-0.0411362
-0.0333796
-0.0297118
-0.0214908
-0.0175254
-0.00929
-0.00554063
0.00215084
0.00516431
0.0119481
0.0140048
0.0197994
0.0209156
0.0258285
0.0261661
0.0304141
0.0302325
0.0340907
0.0335892
0.0371955
0.036491
0.0399542
0.0391294
0.0425114
0.0415977
0.0449126
0.0439375
0.0472888
0.0464066
0.0498938
0.0490767
0.0525704
0.0516199
0.0548838
0.0535478
0.056325
0.0542979
0.0562039
0.0531091
0.0539046
0.0496772
0.0494456
0.0442799
0.0432957
0.0375172
0.0361353
0.0301176
0.0287195
0.022824
0.0217256
0.0162171
0.0156336
0.0106813
0.0107396
0.00643393
0.0072027
0.00364421
0.00526906
0.00255301
0.00500825
0.0030063
0.00608419
0.00453044
0.00792465
0.00649013
0.0098503
0.00812753
0.0110032
0.00862696
0.0107948
0.00764597
0.00906975
0.00518652
0.00596377
0.00149276
0.00180614
-0.00304793
-0.00301587
-0.00812332
-0.0082548
-0.0134591
-0.013568
-0.0186707
-0.0185608
-0.0233769
-0.0228741
-0.027191
-0.0259926
-0.0294781
-0.0273617
-0.0299628
-0.0270185
-0.0289254
-0.0254114
-0.026918
-0.0822644
-0.175613
-0.115144
-0.0276688
-0.00143051
0.0431696
0.0559476
0.0692727
0.0720091
0.0669769
0.0640614
0.0500542
0.0452851
0.028464
0.0244029
0.00838377
0.00635643
-0.00709812
-0.00670141
-0.0170338
-0.0143845
-0.0216329
-0.0170024
-0.0214481
-0.0153115
-0.0175513
-0.0105239
-0.0112658
-0.00396214
-0.00388921
0.00315144
0.00340851
0.00967249
0.00955166
0.0147021
0.0138902
0.0178164
0.0161861
0.0189036
0.016423
-0.116343
0.138769
0.146749
0.0762739
0.122255
0.0573881
0.099729
0.0455163
0.0816841
0.0358414
0.066057
0.0266692
0.0520401
0.0180201
0.039845
0.0104559
0.0298066
0.00445842
0.0221037
0.00024818
0.016667
-0.00223685
0.0132189
-0.00324956
0.011341
-0.00322175
0.0104606
-0.00270823
0.00996692
-0.00225614
0.00930995
-0.00236334
0.00793397
-0.0035843
0.0053405
-0.00621798
0.00140613
-0.010212
-0.00370719
-0.0153008
-0.00968114
-0.0211052
-0.0160945
-0.0271602
-0.0225025
-0.0330726
-0.0285886
-0.0385839
-0.0341539
-0.0435365
-0.039082
-0.0478414
-0.0433177
-0.0514685
-0.0468483
-0.0543967
-0.0496438
-0.0565907
-0.051677
-0.0580342
-0.0529498
-0.058738
-0.0534664
-0.0586867
-0.053229
-0.0579507
-0.0523875
-0.0567247
-0.051151
-0.0552063
-0.0496912
-0.0535391
-0.0481441
-0.0518587
-0.0466039
-0.0501555
-0.0449501
-0.0482371
-0.0429606
-0.0458813
-0.0404373
-0.042926
-0.0372567
-0.0392847
-0.0333831
-0.0349924
-0.0289233
-0.0302061
-0.0240635
-0.0251239
-0.0190014
-0.0199376
-0.0139242
-0.0148233
-0.00898232
-0.0098961
-0.00425552
-0.00520159
0.000241798
-0.000726516
0.00454905
0.00361077
0.00881987
0.00802586
0.0132632
0.0126662
0.0179543
0.0175376
0.0228345
0.0225257
0.0277386
0.0273998
0.0323376
0.0317475
0.0362229
0.0352396
0.0391617
0.0377339
0.0410927
0.0392389
0.0420854
0.03989
0.0423606
0.0399821
0.0422208
0.0397646
0.041848
0.0393593
0.0413123
0.0387944
0.0406075
0.0380231
0.0396251
0.0368801
0.0382006
0.0352623
0.0363056
0.033199
0.034008
0.0307812
0.0314106
0.0281261
0.0286635
0.0254176
0.0259341
0.0227457
0.0232237
0.0200501
0.0204383
0.0172251
0.0174763
0.0141749
0.0142313
0.0107786
0.010613
0.00703549
0.00671937
0.0031092
0.00274544
-0.0153323
-0.0519861
-0.0581878
-0.019938
-0.0123511
-0.00230782
0.00675202
0.00578275
0.00938005
0.00519008
0.00347359
-0.000851871
-0.00577273
-0.00880671
-0.0146434
-0.0157094
-0.0209018
-0.0199266
-0.0237181
-0.0210078
-0.0232537
-0.0193322
-0.020341
-0.0159856
-0.0164571
-0.0124587
-0.0130002
-0.00986147
-0.0108467
-0.00878233
-0.0103545
-0.00934146
-0.0114358
-0.0112213
-0.0135657
-0.0137666
-0.0160538
-0.0163187
-0.0183021
-0.0183687
-0.0198947
-0.14215
-0.143753
0.021672
0.00894689
0.070082
0.0866677
0.097814
0.115018
0.103985
0.115193
0.0953209
0.101217
0.0792221
0.0820064
0.061243
0.0628125
0.0447909
0.0462995
0.0314483
0.0333763
0.0215231
0.0239176
0.0146582
0.0173958
0.0102442
0.0130404
0.00744104
0.00995859
0.00540598
0.00735701
0.00345211
0.0046215
0.00102367
0.00121329
-0.00232108
-0.00313864
-0.00665102
-0.00835258
-0.0117668
-0.0141577
-0.0173479
-0.0202109
-0.0230299
-0.0261456
-0.028471
-0.0316852
-0.0334618
-0.0366801
-0.0378935
-0.0410557
-0.0417088
-0.044752
-0.0447921
-0.0475657
-0.0468853
-0.0492693
-0.0478342
-0.0497903
-0.0476391
-0.0491977
-0.0464284
-0.0477025
-0.0445599
-0.0458578
-0.0426951
-0.0442768
-0.0413068
-0.0432852
-0.0405805
-0.0429442
-0.0404659
-0.0430953
-0.0406664
-0.0432868
-0.0406296
-0.0429717
-0.0398781
-0.0417624
-0.0381166
-0.0394564
-0.0352257
-0.0359905
-0.0311389
-0.031263
-0.0257786
-0.0253188
-0.0193376
-0.0184668
-0.0122026
-0.0111414
-0.00483488
-0.00386274
0.00207759
0.00245663
0.00757749
0.0070914
0.0112791
0.00994794
0.0133154
0.0113263
0.0141068
0.011765
0.0143761
0.012192
0.0150876
0.0133655
0.0167033
0.015492
0.0192323
0.0184334
0.0224342
0.0218794
0.0259506
0.0254499
0.0294272
0.0288582
0.0326519
0.03195
0.0355116
0.0346396
0.0379342
0.036834
0.0397344
0.0382104
0.040527
0.0384562
0.0401349
0.03752
0.0386109
0.0355381
0.0361598
0.0328033
0.0332393
0.0299773
0.0305834
0.0276586
0.028568
0.0260235
0.0272093
0.0249652
0.0263081
0.0241972
0.0254582
0.0231817
0.0240835
0.0214425
0.0218663
0.0188057
0.0187511
0.0153107
0.01485
0.0111236
0.0103693
0.00647891
0.00555525
0.0016175
0.00063374
-0.00325303
-0.00420723
-0.00796452
-0.0088189
-0.0123881
-0.0130949
-0.0164408
-0.0169691
-0.0200636
-0.0203848
-0.0232019
-0.0232906
-0.025808
-0.025641
-0.0278254
-0.0273336
-0.0290872
-0.0281873
-0.0294766
-0.0281786
-0.0290484
-0.0274207
-0.0279575
-0.0260986
-0.0264323
-0.0245371
-0.0249195
-0.023212
-0.0237822
-0.0223194
-0.023073
-0.0218021
-0.0226549
-0.0214647
-0.0222602
-0.0208976
-0.0213003
-0.0194568
-0.0192724
-0.0168636
-0.0160985
-0.0132022
-0.011989
-0.0621904
-0.144428
-0.0906055
-0.00806442
0.0156827
0.0588727
0.0709507
0.0860647
0.0891573
0.0878908
0.0856673
0.0762507
0.071938
0.0596914
0.0554595
0.04345
0.0404
0.0300896
0.0285233
0.0203482
0.0200841
0.0139102
0.0145549
0.0100082
0.0111401
0.00778979
0.00904394
0.00650237
0.00761511
0.00558328
0.00639711
0.00466134
0.00507536
0.0034453
0.00338735
0.00175041
0.00124024
-0.000430265
-0.00131529
-0.00299617
-0.00415156
-0.00578389
-0.00705418
-0.0084954
-0.00968469
-0.0108261
-0.0118276
-0.0126386
-0.0134158
-0.0139168
-0.0144784
-0.0147278
-0.0151413
-0.0152663
-0.0156435
-0.0157478
-0.0161438
-0.0162731
-0.0166979
-0.0168592
-0.0172952
-0.0174676
-0.0178643
-0.0179844
-0.0182686
-0.0182869
-0.0184221
-0.0183223
-0.0183004
-0.0180877
-0.0179179
-0.0176123
-0.0173237
-0.0169678
-0.0166031
-0.0162322
-0.0158154
-0.0154462
-0.0149865
-0.0146232
-0.0141206
-0.0137589
-0.0132046
-0.0128298
-0.0122069
-0.0118033
-0.0111002
-0.0106585
-0.00987073
-0.00938873
-0.00851866
-0.00800434
-0.00707554
-0.00656828
-0.00562723
-0.005164
-0.00423842
-0.00383656
-0.00293739
-0.00260001
-0.00172569
-0.00143607
-0.000538997
-0.000209641
0.000802884
0.00123765
0.00239723
0.00294521
0.00423716
0.00486976
0.00625153
0.00690943
0.00828293
0.00882752
0.0100477
0.0103708
0.0113678
0.0114327
0.0121951
0.0120117
0.0125638
0.0121738
0.0125795
0.0120721
0.0124231
0.0118745
0.0122255
0.0116746
0.0120488
0.0115085
0.0119086
0.0113772
0.0117997
0.0112771
0.0117199
0.0112001
0.0116522
0.0111229
0.0115692
0.011016
0.011441
0.0108459
0.0112194
0.0105391
0.010815
0.0100169
0.0101763
0.0092539
0.00929947
0.00826397
0.00821221
0.00708792
0.00697378
0.00580904
0.0056836
0.00452309
0.00442097
0.00329181
0.00323195
0.00214741
0.00213708
0.00110052
0.00113826
0.000145342
0.000224596
-0.000730541
-0.000615547
-0.00153746
-0.0013911
-0.00228295
-0.00210866
-0.00297651
-0.00279162
-0.00366649
-0.00350631
-0.0044141
-0.00429384
-0.00524018
-0.00515788
-0.00613404
-0.00607564
-0.0070566
-0.00697363
-0.00788218
-0.00769139
-0.00846292
-0.00812287
-0.0087343
-0.00823842
-0.00869559
-0.00806101
-0.00839697
-0.00768902
-0.00800497
-0.00733142
-0.00770831
-0.00711989
-0.00758426
-0.00708773
-0.00763106
-0.02006
-0.0528645
-0.0551535
-0.0218691
-0.0118399
-0.00314026
0.0085442
0.00789093
0.0150141
0.011759
0.0142705
0.0109286
0.0104157
0.00785227
0.00587853
0.00428712
0.00195088
0.00123585
-0.00083685
-0.000888989
-0.00242427
-0.00205543
-0.00299972
-0.00243063
-0.00284584
-0.00225111
-0.00224397
-0.00174418
-0.00142514
-0.00108998
-0.000553581
-0.000411195
0.000270036
0.000221437
0.000995664
0.000776561
0.00160822
0.00124844
0.00211329
0.00164514
0.00252604
0.0019799
0.00286381
0.00226577
0.00314194
0.00251293
0.00337195
0.00272783
0.00356134
0.00291361
0.00371426
0.00307086
0.00383248
0.00319868
0.00391634
0.00329547
0.00396559
0.00335968
0.00397996
0.00339011
0.00395945
0.00338619
0.00390455
0.00334805
0.00381627
0.00327641
0.00369606
0.00317259
0.00354581
0.00303837
0.00336769
0.00287588
0.00316416
0.00268752
0.00293784
0.00247593
0.00269149
0.00224388
0.00242796
0.00199428
0.00215019
0.00173009
0.00186113
0.00145433
0.00156377
0.00117006
0.00126108
0.000880309
0.000956012
0.000588074
0.000651455
0.0002963
0.000350226
7.84378e-06
5.50414e-05
-0.000274547
-0.000231504
-0.000548262
-0.000506962
-0.000810842
-0.000769046
-0.00106001
-0.00101565
-0.00129367
-0.00124488
-0.00150995
-0.00145504
-0.00170719
-0.00164465
-0.00188395
-0.00181248
-0.00203906
-0.00195752
-0.00217157
-0.00207901
-0.00228076
-0.00217644
-0.00236619
-0.00224952
-0.00242765
-0.00229822
-0.00246516
-0.00232273
-0.00247897
-0.00232345
-0.00246957
-0.00230102
-0.00243766
-0.00225628
-0.00238411
-0.00219023
-0.00231001
-0.00210408
-0.00221661
-0.00199919
-0.0021053
-0.00187705
-0.00197762
-0.00173928
-0.00183523
-0.00158762
-0.00167989
-0.00142387
-0.00151341
-0.00124993
-0.00133769
-0.00106771
-0.00115466
-0.000879182
-0.000966276
-0.000686307
-0.00077448
-0.00049104
-0.000581207
-0.000295308
-0.000388352
-0.000100991
-0.000197756
9.00934e-05
-1.11917e-05
0.000276207
0.000169654
0.000455706
0.000343194
0.00062705
0.000507953
0.00078882
0.000662577
0.000939724
0.000805847
0.00107861
0.000936683
0.00120447
0.00105415
0.00131644
0.00115748
0.00141383
0.00124604
0.00149608
0.00131938
0.00156282
0.00137717
0.00161382
0.00141928
0.001649
0.00144572
0.00166845
0.00145662
0.00167239
0.00145231
0.00166121
0.00143322
0.00163541
0.00139991
0.00159562
0.00135308
0.00154259
0.00129353
0.00147717
0.00122216
0.00140033
0.00113998
0.0013131
0.00104804
0.00121658
0.000947495
0.00111194
0.000839525
0.0010004
0.000725362
0.000883209
0.000606264
0.000761632
0.000483504
0.000636946
0.000358356
0.000510426
0.000232082
0.000383328
0.000105926
0.000256881
-1.89054e-05
0.000132276
-0.000141247
1.06538e-05
-0.00025999
-0.000106904
-0.000374087
-0.000219384
-0.000482564
-0.000325845
-0.000584524
-0.000425433
-0.000679158
-0.000517378
-0.000765746
-0.000601009
-0.000843666
-0.000675747
-0.000912394
-0.000741117
-0.000971508
-0.000796746
-0.00102069
-0.000842364
-0.00105972
-0.000877803
-0.00108848
-0.000902998
-0.00110697
-0.000917985
-0.00111527
-0.000922896
-0.00111356
-0.000917956
-0.00110211
-0.000903478
-0.00108129
-0.00087986
-0.00105152
-0.000847576
-0.00101333
-0.000807171
-0.000967287
-0.000759252
-0.000914037
-0.000704486
-0.000854268
-0.000643584
-0.000788718
-0.000577299
-0.000718156
-0.000506416
-0.000643383
-0.000431743
-0.000565215
-0.000354103
-0.000484483
-0.000274326
-0.000402019
-0.000193242
-0.000318648
-0.000111669
-0.000235184
-3.04097e-05
-0.000152419
4.97563e-05
-7.11204e-05
0.000128082
7.98237e-06
0.000203856
8.41982e-05
0.000276411
0.000156882
0.000345129
0.00022544
0.000409444
0.000289333
0.000468845
0.000348081
0.000522885
0.000401265
0.000571179
0.000448532
0.000613405
0.000489593
0.000649311
0.000524229
0.000678709
0.000552284
0.00070148
0.000573672
0.000717572
0.000588373
0.000726997
0.000596431
0.000729832
0.000597951
0.000726212
0.000593102
0.000716335
0.000582104
0.00070045
0.000565234
0.000678859
0.000542817
0.00065191
0.000515222
0.000619992
0.000482858
0.000583534
0.000446168
0.000542996
0.000405628
0.000498864
0.000361734
0.000451646
0.000315003
0.000401868
0.000265967
0.000350066
0.000215163
0.000296779
0.000163133
0.00024255
0.000110416
0.000187913
5.75427e-05
0.000133395
5.03181e-06
7.95057e-05
-4.66153e-05
2.67372e-05
-9.69188e-05
-2.44429e-05
-0.000145424
-7.35942e-05
-0.000191707
-0.000120308
-0.000235373
-0.000164207
-0.000276067
-0.000204955
-0.000313469
-0.000242251
-0.000347299
-0.000275837
-0.000377321
-0.000305496
-0.000403339
-0.000331055
-0.000425201
-0.000352385
-0.000442801
-0.000369399
-0.000456074
-0.000382056
-0.000465001
-0.000390357
-0.000469602
-0.000394343
-0.00046994
-0.000394097
-0.000466117
-0.00038974
-0.000458272
-0.000381428
-0.00044658
-0.000369352
-0.000431245
-0.000353733
-0.000412504
-0.000334822
-0.00039062
-0.000312891
-0.000365877
-0.000288238
-0.000338582
-0.000261177
-0.000309056
-0.000232035
-0.000277634
-0.000201154
-0.000244661
-0.000168882
-0.000210487
-0.000135569
-0.000175464
-0.00010157
-0.000139944
-6.72329e-05
-0.000104273
-3.29021e-05
-6.87926e-05
1.08789e-06
-3.383e-05
3.44145e-05
2.99146e-07
6.67704e-05
3.32959e-05
9.78652e-05
6.48798e-05
0.000127429
9.47913e-05
0.000155213
0.000122794
0.000180992
0.000148674
0.000204566
0.000172247
0.000225764
0.000193352
0.000244437
0.000211858
0.00026047
0.000227661
0.000273771
0.000240686
0.000284282
0.000250887
0.000291968
0.000258245
0.000296826
0.00026277
0.000298878
0.000264498
0.000298174
0.000263491
0.000294788
0.000259836
0.000288817
0.000253641
0.000280383
0.000245039
0.000269625
0.000234178
0.000256704
0.000221229
0.000241795
0.000206373
0.000225089
0.000189808
0.000206788
0.000171742
0.000187106
0.000152392
0.000166261
0.000131981
0.000144481
0.000110738
0.000121993
8.88913e-05
9.90285e-05
6.66707e-05
7.58145e-05
4.4303e-05
5.25758e-05
2.20104e-05
2.95316e-05
8.51859e-09
6.89324e-06
-2.14956e-05
-1.51371e-05
-4.2305e-05
-3.63686e-05
-6.22348e-05
-5.66229e-05
-8.11134e-05
-7.57355e-05
-9.87837e-05
-9.35574e-05
-0.000115105
-0.000109956
-0.000129951
-0.000124815
-0.000143217
-0.000138036
-0.000154812
-0.00014954
-0.000164666
-0.000159265
-0.000172727
-0.000167169
-0.00017896
-0.000173226
-0.000183352
-0.000177433
-0.000185905
-0.000179799
-0.000186638
-0.000180355
-0.000185591
-0.000179145
-0.000182816
-0.000176232
-0.000178381
-0.000171692
-0.000172371
-0.000165613
-0.000164879
-0.000158098
-0.000156015
-0.000149259
-0.000145895
-0.00013922
-0.000134647
-0.000128111
-0.000122405
-0.00011607
-0.000109309
-0.000103239
-9.55034e-05
-8.97649e-05
-8.11368e-05
-7.57971e-05
-6.63584e-05
-6.14851e-05
-5.13174e-05
-4.69778e-05
-3.61621e-05
-3.24221e-05
-2.10376e-05
-1.79615e-05
-6.08517e-06
-3.73488e-06
8.55939e-06
1.0125e-05
2.27667e-05
2.34924e-05
3.64149e-05
3.62494e-05
4.93907e-05
4.82873e-05
6.15903e-05
5.95071e-05
7.29198e-05
6.98202e-05
8.32964e-05
7.91492e-05
9.26481e-05
8.7428e-05
0.000100915
9.46024e-05
0.000108049
0.00010063
0.000114014
0.000105482
0.000118787
0.000109138
0.000122354
0.000111594
0.000124717
0.000112856
0.000125886
0.000112939
0.000125885
0.000111872
0.000124746
0.000109693
0.000122512
0.00010645
0.000119236
0.0001022
0.000114979
9.70068e-05
0.00010981
9.09436e-05
0.000103804
8.40891e-05
9.70438e-05
7.65273e-05
8.96151e-05
6.83472e-05
8.16092e-05
5.96412e-05
7.31199e-05
5.05044e-05
6.42433e-05
4.10336e-05
5.50768e-05
3.13261e-05
4.57178e-05
2.1479e-05
3.6263e-05
1.15884e-05
2.68074e-05
1.74801e-06
1.74436e-05
-7.95119e-06
8.26091e-06
-1.7422e-05
-6.55674e-07
-2.65817e-05
-9.2258e-06
-3.53527e-05
-1.73746e-05
-4.36631e-05
-2.50332e-05
-5.14473e-05
-3.21394e-05
-5.86466e-05
-3.86377e-05
-6.52091e-05
-4.44801e-05
-7.10906e-05
-4.9626e-05
-7.62546e-05
-5.40427e-05
-8.06722e-05
-5.77054e-05
-8.43226e-05
-6.05969e-05
-8.71926e-05
-6.27081e-05
-8.92772e-05
-6.40376e-05
-9.05786e-05
-6.45916e-05
-9.11069e-05
-6.43833e-05
-9.08788e-05
-6.34333e-05
-8.99182e-05
-6.17683e-05
-8.82551e-05
-5.94215e-05
-8.59257e-05
-5.64316e-05
-8.29714e-05
-5.28426e-05
-7.94384e-05
-4.8703e-05
-7.53775e-05
-4.40654e-05
-7.0843e-05
-3.89855e-05
-6.58924e-05
-3.35223e-05
-6.05854e-05
-2.77364e-05
-5.4984e-05
-2.16903e-05
-4.91509e-05
-1.54471e-05
-4.31496e-05
-9.07045e-06
-3.70435e-05
-2.62327e-06
-3.08953e-05
3.83229e-06
-2.47665e-05
1.02356e-05
-1.87167e-05
1.65283e-05
-1.28032e-05
2.26544e-05
-7.08041e-06
2.8561e-05
-1.59961e-06
3.41988e-05
3.5917e-06
3.95223e-05
8.45003e-06
4.44901e-05
1.29362e-05
4.90654e-05
1.70158e-05
5.32161e-05
2.06589e-05
5.69149e-05
2.38409e-05
6.01397e-05
2.65421e-05
6.28734e-05
2.87479e-05
6.5104e-05
3.04489e-05
6.68247e-05
3.16409e-05
6.80337e-05
3.23244e-05
6.87343e-05
3.2505e-05
6.89342e-05
3.2193e-05
6.86462e-05
3.1403e-05
6.78869e-05
3.0154e-05
6.66773e-05
2.84687e-05
6.50421e-05
2.63735e-05
6.30093e-05
2.3898e-05
6.061e-05
2.10747e-05
5.78781e-05
1.79386e-05
5.48498e-05
1.45268e-05
5.15628e-05
1.08779e-05
4.80568e-05
7.03212e-06
4.43721e-05
3.03016e-06
4.055e-05
-1.08669e-06
3.66318e-05
-5.27711e-06
3.26587e-05
-9.50018e-06
2.86712e-05
-1.37157e-05
2.47092e-05
-1.78847e-05
2.08108e-05
-2.19695e-05
1.7013e-05
-2.59344e-05
1.33506e-05
-2.97456e-05
9.856e-06
-3.33717e-05
6.5595e-06
-3.6784e-05
3.48847e-06
-3.99565e-05
6.6745e-07
-4.28661e-05
-1.88206e-06
-4.5493e-05
-4.14175e-06
-4.78206e-05
-6.09655e-06
-4.98353e-05
-7.73475e-06
-5.15272e-05
-9.04795e-06
-5.28895e-05
-1.00311e-05
-5.3919e-05
-1.06825e-05
-5.46155e-05
-1.10036e-05
-5.49821e-05
-1.0999e-05
-5.5025e-05
-1.06764e-05
-5.47531e-05
-1.00462e-05
-5.41785e-05
-9.12151e-06
-5.33155e-05
-7.91807e-06
-5.21809e-05
-6.45374e-06
-5.07937e-05
-4.74843e-06
