0
0
0
0
0
0
0
0
0
0
0
0
0
0
0
0
0
0
0
0
0
0
0
0
0
0
0
0
0
0
0
0
0
0
0
0
0
0
0
0
0
0
0
0
0
0
0
0
0
0
0
0
0
0
0
0
0
0
0
0
0
0
0
0
0
0
0
0
0
0
0
0
0
0
0
0
0
0
0
0
0
0
0
0
0
0
0
0
0
0
0
0
0
0
0
0
0
0
0
0
0
0
0
0
0
0
0
0
0
0
0
0
0
0
0
0
0
0
0
0
0
0
0
0
0
0
0
0
0
0
0
0
0
0
0
0
0
0
0
0
0
0
0
0
0
0
0
0
0
0
0
0
0
0
0
0
0
0
0
0
0
0
0
0
0
0
0
0
0
0
0
0
0
0
0
0
0
0
0
0
0
0
0
0
0
0
0
0
0
0
0
0
0
0
0
0
0
0
0
0
0
0
0
0
0
0
0
0
0
0
0
0
0
0
0
0
0
0
0
0
0
0
0
0
0
0
0
0
0
0
0
0
0
0
0
0
0
0
0
0
0
0
0
0
0
0
0
0
0
0
0
0
0
0
0
0
0
0
0
0
0
0
0
0
0
0
0
0
0
0
0
0
0
0
0
0
0
0
0
0
0
0
0
0
0
0
0
0
0
0
0
0
0
0
0
0
0
0
0
0
0
0
0
0
0
0
0
0
0
0
0
0
0
0
0
0
0
0
0
0
0
0
0
0
0
0
0
0
0
0
0
0
0
0
0
0
0
0
0
0
0
0
0
0
0
0
0
0
0
0
0
0
0
0
0
0
0
0
0
0
0
0
0
0
0
0
0
0
0
0
0
0
0
0
0
0
0
0
0
0
0
0
0
0
0
0
0
0
0
0
0
0
0
0
0
0
0
0
0
0
0
0
0
0
0
0
0
0
0
0
0
0
0
0
0
0
0
0
0
0
0
0
0
0
0
0
0
0
0
0
0
0
0
0
0
0
0
0
0
0
0
0
0
0
0
0
0
0
0
0
0
0
0
0
0
0
0
0
0
0
0
0
0
0
0
0
0
0
0
0
0
0
0
0
0
0
0
0
0
0
0
0
0
0
0
0
0
0
0
0
0
0
0
0
0
0
0
0
0
0
0
0
0
0
0
0
0
0
0
0
0
0
0
0
0
0
0
0
0
0
0
0
0
0
0
0
0
0
0
0
0
0
0
0
0
0
0
0
0
0
0
0
0
0
0
0
0
0
0
0
0
0
0
0
0
0
0
0
0
0
0
0
0
0
0
0
0
0
0
0
0
0
0
0
0
0
0
0
0
0
0
0
0
0
0
0
0
0
0
0
0
0
0
0
0
0
0
0
0
0
0
0
0
0
0
0
0
0
0
0
0
0
0
0
0
0
0
0
0
0
0
0
0
0
0
0
0
0
0
0
0
0
0
0
0
0
0
0
0
0
0
0
0
0
0
0
0
0
0
0
0
0
0
0
0
0
0
0
0
0
0
0
0
0
0
0
0
0
0
0
0
0
0
0
0
0
0
0
0
0
0
0
0
0
0
0
0
0
0
0
0
0
0
0
0
0
0
0
0
0
0
0
0
0
0
0
0
0
0
0
0
0
0
0
0
0
0
0
0
0
0
0
0
0
0
0
0
0
0
0
0
0
0
0
0
0
0
0
0
0
0
0
0
0
0
0
0
0
0
0
0
0
0
0
0
0
0
0
0
0
0
0
0
0
0
0
0
0
0
0
0
0
0
0
0
0
0
0
0
0
0
0
0
0
0
0
0
0
0
0
0
0
0
0
0
0
0
0
0
0
0
0
0
0
0
0
0
0
0
0
0
0
0
0
0
0
0
0
0
0
0
0
0
0
0
0
0
0
0
0
0
0
0
0
0
0
0
0
0
0
0
0
0
0
0
0
0
0
0
0
0
0
0
0
0
0
0
0
0
0
0
0
0
0
0
0
0
0
0
0
0
0
0
0
0
0
0
0
0
0.00111359
0.000467455
0.000278208
0.00493459
0.00720475
0.00906167
0.0110039
0.0116148
0.0126261
0.012533
0.0127544
0.0122747
0.0119912
0.0113477
0.0108104
0.0101495
0.0095333
0.00893607
0.00834048
0.00783653
0.00730336
0.00688852
0.00642298
0.00607563
0.00566496
0.00536134
0.00499208
0.00471645
0.00438086
0.00412674
0.0038238
0.00359241
0.003326
0.00312349
0.00289971
0.00273046
0.00254832
0.00240843
0.0022594
0.00213881
0.0020095
0.0018947
0.00176968
0.00164611
0.00150999
0.00136457
0.00120528
0.00102913
0.000839221
0.000627969
0.000404421
0.000157777
-9.82257e-05
-0.000376667
-0.000660311
-0.000962896
-0.0012643
-0.00157878
-0.00188479
-0.00219711
-0.00249388
-0.00279066
-0.0030666
-0.00333783
-0.00358496
-0.00382579
-0.00404361
-0.00425726
-0.00445206
-0.00464714
-0.00482916
-0.00501657
-0.00519639
-0.00538595
-0.00557247
-0.00577124
-0.00596873
-0.0061783
-0.00638594
-0.00660353
-0.00681687
-0.00703682
-0.00724911
-0.007464
-0.0076675
-0.00786952
-0.00805631
-0.00823773
-0.00840036
-0.00855433
-0.00868655
-0.00880773
-0.00890537
-0.00899088
-0.00905195
-0.00910086
-0.00912559
-0.00913926
-0.00912991
-0.0091114
-0.00907153
-0.00902494
-0.00895924
-0.00888979
-0.00880352
-0.00871646
-0.00861494
-0.00851565
-0.00840417
-0.00829779
-0.00818123
-0.00807233
-0.00795479
-0.00784699
-0.00773158
-0.00762748
-0.00751636
-0.00741774
-0.0073123
-0.00722024
-0.00712123
-0.00703588
-0.00694222
-0.00686121
-0.00677022
-0.00669096
-0.00659968
-0.00651862
-0.00642302
-0.00633572
-0.0062311
-0.00613295
-0.00601543
-0.00590344
-0.00577041
-0.00564206
-0.00549145
-0.00534532
-0.00517641
-0.00501243
-0.00482581
-0.00464525
-0.00444316
-0.00424916
-0.00403502
-0.00383088
-0.00360802
-0.00339713
-0.00316902
-0.00295484
-0.00272488
-0.00250981
-0.00227721
-0.0020569
-0.00181715
-0.00158909
-0.00134076
-0.00110371
-0.00084563
-0.00059828
-0.000329159
-7.23711e-05
0.00019941
0.000448981
0.000706711
0.000938075
0.0011745
0.00138204
0.00159248
0.00177192
0.00195244
0.00210308
0.0022635
0.00240687
0.00256882
0.00271817
0.00288886
0.00304851
0.00323052
0.0034024
0.00359724
0.00377981
0.00397568
0.00414573
0.00431974
0.00446381
0.0046098
0.00472568
0.00484393
0.00493317
0.00502588
0.00509365
0.0051757
0.00524762
0.00534373
0.00543445
0.00555093
0.00566173
0.0057964
0.00592311
0.0158406
0.0208193
0.00927396
0.00727764
0.00495166
0.00309972
0.00357101
0.0025323
0.00377968
0.00320051
0.0044488
0.00404552
0.00501913
0.00467864
0.00533221
0.00502958
0.00540203
0.00514498
0.00530183
0.00510518
0.00511189
0.00499196
0.00492568
0.00492556
0.00486153
0.00499205
0.00495638
0.00519655
0.00518788
0.00550281
0.00550588
0.00584984
0.00581582
0.00610265
0.00596826
0.00614867
0.00589877
0.00596296
0.00560727
0.00556468
0.00512344
0.00499131
0.00448649
0.00428263
0.00373547
0.00347991
0.00291302
0.00262724
0.00206307
0.00176871
0.00122907
0.000952784
0.000480893
0.000281717
-7.17546e-05
-0.000166091
-0.000394066
-0.000389229
-0.000508182
-0.000426159
-0.000463563
-0.000337929
-0.000344904
-0.000240086
-0.000275643
-0.00022862
-0.000312918
-0.000330005
-0.000460999
-0.000532489
-0.00069691
-0.000801754
-0.000965566
-0.00105659
-0.00117881
-0.00123104
-0.00130217
-0.00131541
-0.00134359
-0.00133021
-0.00133216
-0.00131501
-0.00133098
-0.00136383
-0.00144012
-0.00154582
-0.00168708
-0.00185701
-0.00204644
-0.00225783
-0.00246993
-0.00269003
-0.00287525
-0.00303982
-0.00314512
-0.00322721
-0.00324771
-0.0032564
-0.00321127
-0.0031711
-0.00308843
-0.00303227
-0.00295792
-0.00294118
-0.00292134
-0.00296827
-0.00300974
-0.00311499
-0.00320451
-0.00334959
-0.0034661
-0.00362648
-0.00373869
-0.00387778
-0.00395502
-0.00405434
-0.00408856
-0.00414693
-0.00414203
-0.00416632
-0.00413119
-0.00413153
-0.00407825
-0.00406758
-0.00400753
-0.00399391
-0.00393261
-0.00391955
-0.00385928
-0.00384807
-0.00378964
-0.00378009
-0.00372132
-0.00370953
-0.00364795
-0.00363448
-0.00357321
-0.00356268
-0.00350738
-0.00350583
-0.00346281
-0.0034788
-0.00346414
-0.00351987
-0.00355056
-0.00365027
-0.00371989
-0.00384964
-0.00393902
-0.0040762
-0.00416064
-0.00427598
-0.00431468
-0.00435803
-0.00430888
-0.00425761
-0.00411507
-0.00397622
-0.00375701
-0.00355416
-0.00328684
-0.00305474
-0.00278566
-0.00257981
-0.00235861
-0.00221247
-0.00205808
-0.00197941
-0.00189069
-0.00187157
-0.00183555
-0.00185935
-0.00185689
-0.00190257
-0.00191131
-0.00195602
-0.00195365
-0.00197636
-0.00194363
-0.00192712
-0.00184881
-0.0017752
-0.00162043
-0.00144844
-0.00118822
-0.000915362
-0.000569098
-0.000229769
0.000157766
0.000512525
0.000886636
0.00119177
0.00145873
0.0015984
0.0016654
0.00159876
0.00146922
0.00123146
0.00096392
0.000629287
0.0136182
-0.0072582
-0.0179292
-0.00857583
-0.0168832
-0.00848416
-0.0124337
-0.00667138
-0.00787884
-0.00452357
-0.00428943
-0.00277814
-0.00193039
-0.00176745
-0.000753162
-0.00146532
-0.000444287
-0.00163472
-0.000636732
-0.00200911
-0.0010147
-0.00235664
-0.001306
-0.00245117
-0.00130488
-0.00219855
-0.000979004
-0.00163763
-0.000393445
-0.000866138
0.000347807
-2.67249e-06
0.00111629
0.000812648
0.00179131
0.00149756
0.00233017
0.002037
0.00273808
0.00245023
0.00416274
0.0031893
0.00357181
0.00819608
0.011024
0.0127802
0.0152031
0.0156641
0.0170405
0.0167322
0.0171794
0.0163867
0.0161422
0.0150301
0.0143286
0.0130623
0.0121339
0.0108613
0.00989035
0.00872532
0.00784517
0.00687738
0.00620958
0.00552921
0.00513872
0.00474824
0.00461662
0.00446779
0.00454049
0.00456619
0.00477709
0.00490609
0.00518375
0.0053446
0.00562715
0.00576554
0.00600433
0.00607541
0.00622942
0.00619558
0.00623015
0.00605572
0.00592782
0.00557158
0.00526011
0.00472635
0.00425356
0.00357765
0.00298757
0.00221947
0.00156518
0.000760265
9.86216e-05
-0.000686429
-0.00130202
-0.00201719
-0.00253956
-0.00314053
-0.00352863
-0.00397771
-0.00419737
-0.00445965
-0.00446943
-0.00450676
-0.00429196
-0.0041183
-0.00371414
-0.00337955
-0.00284586
-0.00241597
-0.00182114
-0.00136744
-0.0007876
-0.000383752
0.000122816
0.000437232
0.000845692
0.00105681
0.00136155
0.00146954
0.00167483
0.00168648
0.00180059
0.00172522
0.00175879
0.00160801
0.00157331
0.00135957
0.00126894
0.00100425
0.000869318
0.00056446
0.000394723
5.81897e-05
-0.000137778
-0.00049707
-0.000710285
-0.00108336
-0.00130479
-0.00168256
-0.0019029
-0.00227393
-0.00247717
-0.0028254
-0.00300413
-0.00333242
-0.00349642
-0.0038189
-0.00398478
-0.00431906
-0.00450455
-0.0048695
-0.00509666
-0.00551298
-0.00579271
-0.00625968
-0.00658302
-0.00708587
-0.00743408
-0.0079515
-0.00830189
-0.00880846
-0.00913046
-0.00959493
-0.00986634
-0.0102781
-0.0104968
-0.0108598
-0.0110347
-0.0113614
-0.0115074
-0.0118183
-0.0119662
-0.0122935
-0.0124608
-0.0128033
-0.012976
-0.0133114
-0.0134617
-0.013759
-0.0138547
-0.0140805
-0.0140872
-0.0142091
-0.0141013
-0.0141016
-0.0138675
-0.0137389
-0.0133746
-0.0131158
-0.0126221
-0.0122345
-0.0116117
-0.0110929
-0.0103383
-0.00968833
-0.00880502
-0.00802964
-0.00702641
-0.00613721
-0.0354509
-0.0428655
-0.0247218
-0.0148486
-0.0148587
-3.1962e-05
-0.00381179
0.00792796
0.00355448
0.0111887
0.00710357
0.0112535
0.00789901
0.00950269
0.00719138
0.00711244
0.00601245
0.00490025
0.00503622
0.00332328
0.00460909
0.00255733
0.004831
0.0025418
0.00553968
0.00298337
0.00641733
0.00352403
0.00713425
0.0038368
0.00741256
0.00366284
0.00705489
0.00288428
0.0060932
0.00164871
0.00476321
0.000225804
0.00336141
-0.00109314
0.0123991
0.0132909
0.00457409
-0.00151549
-0.000365546
-0.00601365
-0.00181337
-0.00641305
-0.00140875
-0.00543786
-0.000566626
-0.00442469
-8.35581e-05
-0.00394871
-0.000201732
-0.00406229
-0.00081088
-0.00457823
-0.00167044
-0.00523976
-0.00252239
-0.00579323
-0.00311084
-0.00598201
-0.00322724
-0.00568353
-0.0028419
-0.00493283
-0.00204071
-0.00384631
-0.000964629
-0.00258248
0.000191179
-0.00137716
0.00118029
-0.000431901
0.00186059
0.000163093
0.0021794
0.000386377
0.00213691
0.000255044
0.00176164
-0.000179984
0.00114333
-0.000784297
0.000448574
-0.00137112
-0.000125976
-0.00174018
-0.000381807
-0.00169096
-0.000105852
-0.00101258
0.000850627
0.000333653
0.00242131
0.00220619
0.00441352
0.00437938
0.00658185
0.00659244
0.00864497
0.00855732
0.0103579
0.0101148
0.011646
0.0112524
0.01254
0.01203
0.0131187
0.0125417
0.0134991
0.0129384
0.0138554
0.0133884
0.0143333
0.0140152
0.0150368
0.0149056
0.016038
0.0161165
0.0173566
0.0175761
0.0187945
0.0189904
0.0200131
0.0200063
0.0206623
0.0202885
0.0204283
0.0195517
0.0190854
0.0177022
0.0167227
0.0149791
0.013663
0.0117471
0.0102878
0.00838665
0.00696569
0.00524554
0.00399855
0.00252903
0.00146373
0.000213958
-0.000716093
-0.00180391
-0.00265648
-0.00364067
-0.00446797
-0.00539654
-0.00622728
-0.00709715
-0.00789254
-0.00864934
-0.00934624
-0.00992731
-0.0104638
-0.0108142
-0.01114
-0.0112183
-0.0113026
-0.011105
-0.0109723
-0.0105468
-0.0102566
-0.00967217
-0.00929569
-0.00862634
-0.00823485
-0.0075509
-0.00720299
-0.00653756
-0.00623062
-0.00555785
-0.00525008
-0.00452126
-0.00415887
-0.00332097
-0.00285109
-0.00185707
-0.00125372
-0.000134367
0.000509144
0.00161924
0.00214978
0.0030877
0.00334363
0.00395208
0.00378636
0.00393105
0.00325459
0.00294734
0.00189183
0.00134229
0.000161248
-0.000355807
-0.00138029
-0.0015876
-0.0428787
-0.0266638
-0.00680155
-0.00972672
-0.00123312
0.001056
0.00550646
0.00789282
0.00975072
0.0112741
0.0110617
0.01151
0.00979259
0.00927243
0.00674634
0.00553952
0.00283471
0.00124368
-0.00116276
-0.00288636
-0.0046748
-0.00634099
-0.00731854
-0.00882195
-0.00895308
-0.010314
-0.00968985
-0.0109961
-0.00975683
-0.0111099
-0.00940093
-0.010901
-0.00888939
-0.0106607
-0.00847938
-0.0105393
-0.00819792
-0.0104697
-0.00790906
-0.0102714
0.00468135
-0.0172288
-0.0228997
-0.0150589
-0.0187589
-0.012142
-0.0118122
-0.00828728
-0.00562379
-0.00507936
-0.00149523
-0.00346395
0.000142047
-0.0038247
-0.000574039
-0.00593317
-0.00305207
-0.00922559
-0.00657158
-0.0130724
-0.0104537
-0.0168865
-0.0140846
-0.020124
-0.0169698
-0.0224312
-0.0188418
-0.0236336
-0.0195703
-0.0236501
-0.0190947
-0.0224552
-0.0174467
-0.0201842
-0.0148457
-0.0170946
-0.0115573
-0.0134551
-0.00784488
-0.00952007
-0.00395202
-0.00551763
-8.08167e-05
-0.00162864
0.0035746
0.00191162
0.00673942
0.00480405
0.0091012
0.00673298
0.0103483
0.00739698
0.0102134
0.00663699
0.0087244
0.00468102
0.00626556
0.00201847
0.00338941
-0.000765328
0.000691951
-0.00307606
-0.00125498
-0.00442495
-0.00212063
-0.00466012
-0.00189878
-0.00387701
-0.000751724
-0.00227903
0.00109366
-0.000107428
0.00337883
0.00235737
0.00581132
0.0048272
0.00811354
0.00703528
0.0100301
0.00873807
0.0113295
0.00971708
0.0118207
0.00984953
0.0114884
0.00922894
0.0105093
0.00808764
0.00914924
0.00670875
0.00769738
0.00537695
0.00641404
0.00430075
0.00544558
0.0035768
0.00485408
0.00324338
0.00466306
0.00331536
0.00488243
0.00380385
0.00553361
0.00473187
0.00660668
0.00603124
0.00798014
0.00754261
0.00946864
0.00906388
0.0108609
0.0103838
0.0119722
0.0113925
0.0127994
0.0121832
0.0135044
0.0129618
0.0143167
0.0139666
0.0154729
0.0154133
0.0171071
0.0172709
0.0190075
0.0192038
0.0207675
0.0207676
0.0219332
0.0215194
0.022085
0.0210815
0.0209441
0.0193516
0.0185992
0.0165552
0.0153612
0.0130554
0.0116167
0.00924208
0.00774724
0.00548223
0.00410035
0.00209242
0.000945933
-0.000708642
-0.00153993
-0.0027765
-0.00323603
-0.00400723
-0.00405228
-0.00433304
-0.00398414
-0.00386282
-0.00324958
-0.00287619
-0.00215843
-0.0016984
-0.00103785
-0.000649383
0.109186
0.00496895
0.0148756
-0.00256182
-0.00908543
-0.00993265
-0.0200162
-0.012551
-0.0235692
-0.011834
-0.0231827
-0.00948062
-0.0211412
-0.00680399
-0.0187829
-0.00447189
-0.0166617
-0.00262804
-0.0148277
-0.00108495
-0.0130446
0.000528388
-0.0109305
0.00256513
-0.00832678
0.00502625
-0.00537256
0.00769907
-0.00234931
0.0102737
0.000404692
0.0123985
0.0025309
0.0138025
0.00392823
0.0145498
0.00476307
0.0148723
0.00530212
0.0150529
-0.0251094
-0.0199755
-0.0101678
0.00923197
0.00125653
0.0243068
0.0124517
0.0316656
0.0190324
0.0335622
0.0210017
0.0314844
0.0193808
0.0267619
0.0154984
0.0207833
0.0107108
0.0147601
0.0061313
0.00961137
0.00257718
0.00599685
0.000630295
0.0042112
0.000206743
0.0037565
0.000583426
0.00374004
0.000818204
0.00318582
-2.54897e-05
0.00117247
-0.00279248
-0.00292713
-0.00767867
-0.0089025
-0.0141732
-0.0160635
-0.0214659
-0.0235515
-0.0286756
-0.0304925
-0.0349523
-0.0361767
-0.0398449
-0.0404336
-0.0433836
-0.0434335
-0.0458244
-0.0454874
-0.0475036
-0.0469511
-0.0487731
-0.0480954
-0.0497236
-0.0488273
-0.0501333
-0.0488503
-0.0496655
-0.0478174
-0.0479799
-0.0454021
-0.0447818
-0.0414308
-0.0401074
-0.0361402
-0.0343274
-0.0299862
-0.0279466
-0.0234964
-0.0214955
-0.0172004
-0.0154793
-0.0114822
-0.0100689
-0.00632133
-0.00512131
-0.00149901
-0.00037463
0.00326488
0.00445434
0.00825616
0.00962894
0.0135976
0.015027
0.0189582
0.0201979
0.0238229
0.0246012
0.0276547
0.0277218
0.0299628
0.029119
0.0304662
0.0287626
0.0293442
0.0269586
0.0269813
0.0241359
0.0238251
0.0207444
0.0203219
0.0172103
0.0168174
0.0137508
0.0134243
0.0104183
0.0101586
0.00720886
0.00700813
0.00410889
0.00395892
0.00111287
0.00105628
-0.00163976
-0.00147314
-0.00386958
-0.00332358
-0.00526351
-0.00418897
-0.0055321
-0.00379753
-0.00443981
-0.00203943
-0.00210717
0.000729084
0.000942074
0.00387915
0.00401928
0.00669696
0.00640996
0.00847967
0.00745123
0.00870726
0.0068873
0.00740244
0.00494756
0.00493226
0.00208675
0.00180153
-0.00116713
-0.00145889
-0.00429214
-0.00434224
-0.0068181
-0.00644184
-0.00840423
-0.00747028
-0.00880709
-0.00722103
-0.00785152
-0.00554144
-0.00541536
-0.00239369
-0.00158575
0.00203835
0.00339893
0.007482
0.00924551
0.0136341
0.17256
0.118996
0.0359443
0.0347678
-0.0061622
-0.00812525
-0.0250256
-0.0220724
-0.0251831
-0.0183506
-0.0141466
-0.00563316
0.00129881
0.00957493
0.0163924
0.0234554
0.0287559
0.0343625
0.0376923
0.0420715
0.0435469
0.047205
0.0472971
0.0507935
0.0498407
0.0533897
0.0514817
0.0550714
0.0521531
0.0556407
0.0515805
0.0547605
0.049422
0.0521705
0.0456047
0.0480009
0.0404172
0.0426482
0.0343288
0.0366281
-0.0145255
0.013235
0.0190407
0.0248743
0.0196365
0.0286811
0.0196094
0.0276792
0.0164058
0.0231486
0.0103961
0.0160409
0.00257038
0.00754891
-0.00586657
-0.00114853
-0.0139152
-0.00913783
-0.0208592
-0.0158034
-0.0262516
-0.0207755
-0.02984
-0.0239103
-0.031675
-0.0254193
-0.0320959
-0.0257086
-0.0315484
-0.0252305
-0.0304774
-0.0244304
-0.0293566
-0.0237614
-0.0284851
-0.0233106
-0.0277792
-0.0228819
-0.0269656
-0.0221591
-0.0257059
-0.0207887
-0.0236321
-0.0184705
-0.0206339
-0.0153234
-0.0170051
-0.0117619
-0.0132361
-0.00832095
-0.00987859
-0.00554272
-0.00740919
-0.00377713
-0.00603932
-0.00313505
-0.005805
-0.00359546
-0.00664328
-0.00506707
-0.00844156
-0.00744072
-0.0111294
-0.0106579
-0.0145553
-0.0144208
-0.0183045
-0.0182403
-0.0218406
-0.0215572
-0.0245996
-0.0238196
-0.0260727
-0.0246239
-0.026006
-0.0238589
-0.0243999
-0.0216111
-0.0214045
-0.0180782
-0.017251
-0.0134931
-0.0121272
-0.00804119
-0.00635282
-0.00224177
-0.000598856
0.00314114
0.00431944
0.00727455
0.00757744
0.00934156
0.00837249
0.00868502
0.00639411
0.00539443
0.00204401
8.96583e-05
-0.00390944
-0.00636827
-0.0105538
-0.0130458
-0.0169746
-0.0191262
-0.022522
-0.0241287
-0.0268482
-0.0278065
-0.0297817
-0.0300441
-0.0312489
-0.0307909
-0.0312029
-0.0300356
-0.0297426
-0.028016
-0.0272149
-0.0251542
-0.0240923
-0.0219533
-0.020893
-0.018943
-0.0181481
-0.0165841
-0.016148
-0.014973
-0.0148398
-0.0139536
-0.0139979
-0.0132576
-0.0133311
-0.0125931
-0.0125809
-0.0117554
-0.0115749
-0.0105772
-0.0101483
-0.00890015
-0.00814964
-0.00658104
-0.0054444
-0.00346779
-0.00181874
0.00065179
0.00276336
0.00555597
0.00787844
0.0106902
0.0128895
0.0153744
0.0171035
0.0189183
0.019856
0.0207647
0.0207959
0.0207866
0.0199736
0.0191646
0.017663
0.0162364
0.0546781
0.203589
0.0767961
0.030992
-0.00252546
-0.05547
-0.0552915
-0.0949946
-0.0785803
-0.1045
-0.0801275
-0.095716
-0.0681031
-0.0766921
-0.0485229
-0.0527549
-0.0256171
-0.0273772
-0.00210037
-0.00261864
0.0204597
0.0204303
0.0412564
0.0412607
0.0599026
0.0596439
0.076201
0.0754678
0.0900353
0.0886661
0.101324
0.0991693
0.109888
0.106675
0.115342
0.110878
0.11748
0.111688
0.116295
0.109192
0.207909
0.108849
0.11862
0.0941011
0.0882143
0.0776804
0.0680343
0.0646895
0.0539674
0.0545698
0.0435457
0.0462642
0.035128
0.0389227
0.0277834
0.0321318
0.0211378
0.02583
0.0151734
0.0201781
0.0100673
0.0154512
0.00608601
0.0118704
0.00325044
0.00929095
0.00126808
0.00733695
-0.000312414
0.00552449
-0.00200323
0.00333042
-0.00433272
0.000316828
-0.00755561
-0.00357686
-0.0115934
-0.0081679
-0.0161913
-0.01315
-0.0210102
-0.0181568
-0.0256744
-0.0228605
-0.0299602
-0.0271334
-0.0338017
-0.0309502
-0.0372006
-0.0343293
-0.0401855
-0.0373158
-0.0428155
-0.0399179
-0.0449651
-0.0418722
-0.0462798
-0.0427733
-0.0463322
-0.042196
-0.0447153
-0.0397395
-0.0410252
-0.0351167
-0.0352818
-0.0287077
-0.0281482
-0.0213735
-0.020613
-0.0141743
-0.0137653
-0.00821987
-0.008732
-0.0045299
-0.00622171
-0.00342899
-0.00623769
-0.00467991
-0.00836767
-0.00774902
-0.0119966
-0.0119574
-0.0163874
-0.0165736
-0.020927
-0.02116
-0.0253327
-0.0255499
-0.0295211
-0.029718
-0.0335052
-0.0337122
-0.0373697
-0.0376091
-0.0411003
-0.0412682
-0.0444529
-0.0443762
-0.0470737
-0.0465626
-0.0485928
-0.0474609
-0.0486551
-0.0468014
-0.0471728
-0.0446946
-0.0444099
-0.0415148
-0.0408165
-0.0377599
-0.0369165
-0.0339751
-0.0332577
-0.0306119
-0.0300843
-0.0277038
-0.0272777
-0.0250272
-0.0245448
-0.0222474
-0.0215288
-0.0189991
-0.0179129
-0.0151509
-0.0138211
-0.0109946
-0.00961326
-0.00692142
-0.00569102
-0.00332785
-0.00243597
-0.000557934
-5.38112e-05
0.00146235
0.00176816
0.00306962
0.00326854
0.00440823
0.00451636
0.00548932
0.00548342
0.00624272
0.00599052
0.00630711
0.00558133
0.00532187
0.00407466
0.00326352
0.00157336
0.000332695
-0.00165132
-0.00314782
-0.00521906
-0.00672149
-0.0086256
-0.00990657
-0.0114518
-0.01235
-0.0134081
-0.0138221
-0.0297319
0.0743067
0.0879476
-0.00790334
0.0086287
-0.0474405
-0.042938
-0.0669415
-0.0666352
-0.0700588
-0.0697925
-0.0611189
-0.0597833
-0.0447434
-0.042552
-0.0247934
-0.0222548
-0.00396863
-0.00152072
0.0160617
0.0181416
0.0344029
0.0360346
0.0508529
0.0521671
0.0656118
0.0666895
0.0788313
0.0796955
0.09059
0.091227
0.100912
0.101228
0.109561
0.10928
0.116092
0.115041
0.120279
0.118393
0.122097
0.274134
0.195904
0.143784
0.116134
0.0955517
0.0700459
0.066846
0.0485697
0.0548558
0.0427357
0.053556
0.0453964
0.0572386
0.0510992
0.06182
0.0565032
0.0649972
0.0598756
0.0657449
0.0606063
0.0639011
0.0587999
0.0598061
0.0548204
0.0537599
0.0489456
0.0461223
0.0416168
0.0373771
0.0333415
0.0280258
0.0246249
0.0185956
0.0160476
0.00963838
0.00803344
0.00139045
0.000669439
-0.00618464
-0.00616009
-0.0132663
-0.0126745
-0.0200999
-0.0190373
-0.0266919
-0.0251479
-0.0329472
-0.0309351
-0.0388185
-0.0363619
-0.0442812
-0.0414248
-0.0494523
-0.0464793
-0.0548529
-0.0519054
-0.0605324
-0.0574422
-0.0660099
-0.0624554
-0.0705634
-0.0661425
-0.0732355
-0.0673522
-0.0729012
-0.0653155
-0.0692898
-0.0601934
-0.062896
-0.0527252
-0.0546325
-0.0439574
-0.0456843
-0.0351424
-0.0371938
-0.0271778
-0.0298118
-0.0205066
-0.0238124
-0.0152644
-0.0192216
-0.0113882
-0.0159374
-0.00883124
-0.0140048
-0.00762404
-0.0133383
-0.00756047
-0.0136439
-0.00828346
-0.0145251
-0.00934666
-0.0154089
-0.00999657
-0.0155113
-0.00968396
-0.0146415
-0.0085293
-0.0131518
-0.00704896
-0.0116669
-0.00596189
-0.0110504
-0.00625831
-0.0122167
-0.00854918
-0.0154145
-0.0127793
-0.0203572
-0.0184917
-0.0264701
-0.0250313
-0.0330436
-0.0316663
-0.0393728
-0.0377558
-0.044892
-0.0428075
-0.0491799
-0.046467
-0.0519439
-0.0484764
-0.0529197
-0.0486073
-0.0520433
-0.047014
-0.0496391
-0.0441366
-0.0462271
-0.0405449
-0.0424041
-0.036862
-0.0388191
-0.0336688
-0.0358559
-0.0311606
-0.0336144
-0.029385
-0.0320999
-0.0283131
-0.0312551
-0.0278743
-0.031049
-0.0281431
-0.0316213
-0.0291717
-0.0328409
-0.0306624
-0.0342894
-0.0321152
-0.0354187
-0.0329259
-0.035487
-0.0321886
-0.0336233
-0.0293492
-0.0296931
-0.0246294
-0.0241842
-0.0187074
-0.0538455
-0.076577
-0.0166979
0.0225643
0.0405042
0.0611504
0.0591265
0.0671423
0.055781
0.0568116
0.0427572
0.040866
0.0279641
0.0257373
0.0159419
0.0148298
0.00884453
0.00948227
0.007253
0.00975701
0.0108263
0.0150525
0.0188798
0.0245863
0.0304678
0.0371412
0.0442363
0.0512611
0.058745
0.0655154
0.0726539
0.0786093
0.0847172
0.0893138
0.0938679
0.0968038
0.099562
0.100747
0.101656
0.101135
0.132479
0.256674
0.163248
0.119872
0.100464
0.0516074
0.0559993
0.0187985
0.0332833
0.00815241
0.0267922
0.0108517
0.0304855
0.0208334
0.0396718
0.0339155
0.0509356
0.0473387
0.0620682
0.0594846
0.0718181
0.0695518
0.0796253
0.077323
0.0853952
0.082853
0.0891514
0.0862153
0.0909154
0.0874562
0.0906839
0.0865722
0.088351
0.0833924
0.0837291
0.0778717
0.0769148
0.0702501
0.068233
0.0609357
0.0581319
0.0504237
0.0471402
0.039285
0.035817
0.0280295
0.0245971
0.0170329
0.0137976
0.00656808
0.00364648
-0.00317485
-0.00571681
-0.0121123
-0.0142556
-0.0202187
-0.0219394
-0.0274569
-0.0287323
-0.0337938
-0.034609
-0.0392024
-0.039507
-0.0435494
-0.0432612
-0.0467271
-0.0458705
-0.0488291
-0.0475016
-0.0500761
-0.0484141
-0.0507647
-0.048974
-0.05136
-0.0496943
-0.0523103
-0.0508982
-0.0538227
-0.0526996
-0.0559344
-0.055075
-0.0585694
-0.0578893
-0.0615236
-0.0608911
-0.0645474
-0.0638647
-0.0674603
-0.0666584
-0.0701344
-0.0691646
-0.0724807
-0.0713128
-0.0744418
-0.0730471
-0.0759573
-0.074306
-0.0769679
-0.0750346
-0.0774254
-0.0751925
-0.0772899
-0.0747232
-0.0764958
-0.0736029
-0.0750995
-0.0719604
-0.07328
-0.0700079
-0.0712685
-0.0679844
-0.0693132
-0.0661674
-0.0677142
-0.0648116
-0.066618
-0.0639538
-0.0659774
-0.063485
-0.0656402
-0.0632248
-0.065402
-0.0629317
-0.0649877
-0.0623498
-0.0642173
-0.0613854
-0.0630659
-0.0600655
-0.0615987
-0.0584812
-0.0599328
-0.056798
-0.0582913
-0.0552456
-0.0568374
-0.0538948
-0.0555645
-0.0526813
-0.0543669
-0.0514708
-0.0530819
-0.0500466
-0.0514199
-0.0480961
-0.0491344
-0.0454794
-0.04618
-0.0422247
-0.0426412
-0.0384582
-0.0386848
-0.0344153
-0.0346395
-0.0304688
-0.030824
-0.0268331
-0.0273579
-0.0235537
-0.0242294
-0.044513
-0.0724523
-0.0396321
-0.0175237
-0.0124143
-0.00110871
-0.000243786
0.00195064
0.00292691
0.000933687
0.00308674
0.000121968
0.00377551
0.00154808
0.00664018
0.00565536
0.0117473
0.0118424
0.0183728
0.0191204
0.0255551
0.0264567
0.0322677
0.0327801
0.0375995
0.0374703
0.0412519
0.0404697
0.0433439
0.0420208
0.0441932
0.0424955
0.0442113
0.0423343
0.0438021
0.0418615
0.0431991
0.0412507
0.0425289
0.0406044
0.00426837
0.0908527
0.137178
0.066308
0.0989888
0.0582185
0.0713428
0.0530263
0.0564678
0.0519425
0.0515002
0.0549098
0.0531894
0.0607395
0.0586605
0.0679595
0.0657749
0.0753933
0.0731402
0.0822855
0.07997
0.088275
0.0859843
0.0934296
0.0913222
0.09796
0.0960716
0.101898
0.100165
0.105129
0.103424
0.107431
0.105536
0.108374
0.106024
0.107574
0.104667
0.104964
0.101531
0.100708
0.0968574
0.0951071
0.0910119
0.0885838
0.0844475
0.0815681
0.0775449
0.0743827
0.070577
0.0672518
0.0637289
0.0603324
0.05717
0.0538334
0.0511085
0.0478712
0.0455352
0.0423346
0.0402748
0.0370097
0.0350975
0.0316471
0.0296864
0.0258208
0.0235988
0.0192427
0.0167777
0.0120442
0.0094826
0.00456323
0.00209291
-0.00279935
-0.0049552
-0.00956198
-0.0111936
-0.0153731
-0.016429
-0.0201723
-0.0206947
-0.0240567
-0.0241258
-0.0271678
-0.0268057
-0.0294788
-0.0286529
-0.030987
-0.0298112
-0.0319639
-0.0306415
-0.0328293
-0.0315972
-0.0340849
-0.0333331
-0.0366284
-0.036822
-0.0411635
-0.0423235
-0.0475566
-0.0494093
-0.0551671
-0.0572956
-0.0630964
-0.0649108
-0.0700487
-0.0708942
-0.0749045
-0.0745276
-0.077316
-0.0757574
-0.0774585
-0.0749296
-0.075805
-0.07262
-0.0730176
-0.0695322
-0.069775
-0.0662756
-0.0666056
-0.0632972
-0.0638782
-0.0608935
-0.0618406
-0.0593281
-0.0608265
-0.058934
-0.0610143
-0.0596647
-0.0621696
-0.0611548
-0.0638418
-0.0629042
-0.0654855
-0.064257
-0.0662782
-0.0643502
-0.065567
-0.0628653
-0.0633288
-0.0600005
-0.0599227
-0.0562244
-0.0559002
-0.0521933
-0.0520432
-0.0487219
-0.0490297
-0.0462644
-0.0471095
-0.0449092
-0.0462458
-0.0445263
-0.0462416
-0.0448699
-0.0468173
-0.0456454
-0.0476839
-0.0465821
-0.048593
-0.0474546
-0.0493426
-0.0480839
-0.0497763
-0.0483381
-0.0497884
-0.0481313
-0.0493014
-0.0473882
-0.0482426
-0.0460408
-0.0465508
-0.0440352
-0.0441701
-0.0412794
-0.0409434
-0.0375964
-0.0367712
-0.0330133
-0.0317922
-0.0277515
-0.0262861
-0.0221287
-0.0206096
-0.0165891
-0.0153355
-0.0117457
-0.0109394
-0.00784533
-0.0074629
-0.00477374
-0.00467682
-0.00222099
-0.00219598
0.000332346
0.000682829
0.00365004
0.00454376
0.008016
0.00940495
0.0132504
0.0149442
-0.0289065
-0.0659198
0.00951968
0.0589935
0.0888854
0.118314
0.127815
0.141282
0.140041
0.1435
0.137475
0.135532
0.128401
0.12412
0.117923
0.113092
0.10871
0.104202
0.101781
0.0978911
0.0971747
0.093877
0.094444
0.0915824
0.0929924
0.090373
0.0922278
0.0896748
0.0916591
0.0890459
0.0909371
0.0881845
0.0898095
0.086824
0.0880402
0.0847914
0.0855658
0.0820936
0.0824545
0.0788262
0.0788276
0.0751239
0.074873
0.0712506
0.0708991
0.0674591
0.0670614
0.0638197
0.0633754
0.0603088
0.0597957
0.0568598
0.0562154
0.053301
0.0524291
0.0494635
0.0483411
0.0453124
0.0439575
0.040881
0.0393281
0.0362325
0.0345404
0.0314923
0.0297393
0.0267833
0.0250042
0.0221492
0.0203541
0.0175927
0.0157808
0.0130982
0.011255
0.00861612
0.00671639
0.00409872
0.00214025
-0.000458737
-0.00246492
-0.00503841
-0.00707594
-0.00961293
-0.0116608
-0.0141438
-0.0161786
-0.0185943
-0.0206009
-0.0229425
-0.0249106
-0.027174
-0.0290953
-0.0312806
-0.0331622
-0.0352957
-0.0371601
-0.039254
-0.0410959
-0.0431403
-0.0449409
-0.0469178
-0.0486546
-0.0505364
-0.0521486
-0.0538397
-0.0552287
-0.0566723
-0.0578176
-0.0590203
-0.0599427
-0.0609371
-0.0616723
-0.0625068
-0.0631359
-0.0639358
-0.0645815
-0.0654259
-0.0661206
-0.0670139
-0.0677408
-0.0686553
-0.0693788
-0.070273
-0.0709326
-0.0717267
-0.0722436
-0.0728836
-0.0732269
-0.0736992
-0.0738661
-0.0741761
-0.0741755
-0.0743339
-0.0741727
-0.0741815
-0.0738602
-0.0737247
-0.0732523
-0.0729842
-0.0723731
-0.0719855
-0.0712484
-0.0707572
-0.0699219
-0.0693701
-0.0684791
-0.0678935
-0.066958
-0.0663399
-0.0653546
-0.0646951
-0.0636492
-0.0629351
-0.0618074
-0.0610077
-0.0597683
-0.058865
-0.0575073
-0.0565015
-0.0550319
-0.0539328
-0.0523626
-0.0511824
-0.0495249
-0.0482781
-0.0465474
-0.0452459
-0.0434523
-0.0421046
-0.0402557
-0.0388685
-0.0369707
-0.0355526
-0.0336255
-0.0322094
-0.0302865
-0.0288925
-0.0269809
-0.0256078
-0.0237019
-0.0223412
-0.0204317
-0.019068
-0.0171189
-0.0156904
-0.0136404
-0.0121129
-0.00995544
-0.00833944
-0.00609664
-0.00442037
-0.00212408
-0.000427486
0.00185417
0.00346908
0.00563431
0.00710256
0.00912234
0.0104389
0.0123237
0.0135089
-0.00845617
-0.0344713
-0.00425682
0.0194897
0.0232166
0.0368007
0.0366438
0.0412585
0.0410112
0.0410922
0.0414591
0.0398911
0.0409159
0.0391393
0.040666
0.0392612
0.0410801
0.0401922
0.0421103
0.0416947
0.0435662
0.043516
0.045247
0.0454506
0.0469922
0.0473548
0.0486908
0.049139
0.0502738
0.0507532
0.0517027
0.0521738
0.0529584
0.0533929
0.0540337
0.0544108
0.0549271
0.0552316
0.0556401
0.0558607
0.056175
0.0563034
0.0565342
0.0565645
0.05672
0.056648
0.0567344
0.0565576
0.0565795
0.0562964
0.0562572
0.0558677
0.0557698
0.0552747
0.05512
0.0545208
0.0543108
0.0536098
0.0533457
0.052546
0.0522288
0.0513337
0.0509647
0.0499779
0.0495583
0.0484841
0.048015
0.0468579
0.0463408
0.0451053
0.0445418
0.0432329
0.0426247
0.0412473
0.0405963
0.0391555
0.0384639
0.0369647
0.0362348
0.0346826
0.0339168
0.0323167
0.0315177
0.0298749
0.0290455
0.0273654
0.0265085
0.0247962
0.0239151
0.0221758
0.0212735
0.0195123
0.0185922
0.0168144
0.0158799
0.0140904
0.013145
0.0113487
0.010396
0.00859787
0.00764141
0.00584622
0.00488961
0.00310205
0.00214893
0.000373563
-0.000572453
-0.00233116
-0.00326647
-0.00500418
-0.00592523
-0.00763776
-0.00854103
-0.0102243
-0.0111064
-0.0127565
-0.0136139
-0.0152271
-0.0160567
-0.0176294
-0.018428
-0.0199568
-0.0207212
-0.0222028
-0.0229301
-0.0243615
-0.0250489
-0.0264271
-0.027072
-0.0283944
-0.0289942
-0.0302583
-0.0308106
-0.0320141
-0.0325168
-0.0336575
-0.0341085
-0.0351847
-0.0355822
-0.036592
-0.0369343
-0.0378763
-0.0381619
-0.0390349
-0.0392625
-0.0400654
-0.040234
-0.0409659
-0.0410746
-0.041735
-0.041783
-0.0423713
-0.0423582
-0.0428744
-0.0427998
-0.0432437
-0.0431077
-0.0434796
-0.0432821
-0.0435825
-0.0433238
-0.0435533
-0.0432339
-0.0433932
-0.0430139
-0.0431041
-0.0426657
-0.0426879
-0.0421915
-0.0421471
-0.0415939
-0.0414845
-0.0408758
-0.0407031
-0.0400406
-0.0398065
-0.0390918
-0.0387984
-0.0380334
-0.0376828
-0.0368696
-0.0364642
-0.0356049
-0.0351472
-0.0342441
-0.0337365
-0.0327921
-0.0322374
-0.0312542
-0.0306553
-0.0296358
-0.0289955
-0.0279425
-0.0272639
-0.0261803
-0.0254664
-0.024355
-0.0236089
-0.0224727
-0.0216977
-0.0205396
-0.019739
-0.0185622
-0.0177391
-0.0165466
-0.0157044
-0.0144995
-0.0136415
-0.0124272
-0.0115568
-0.0103362
-0.00945678
-0.00823313
-0.00734792
-0.00612433
-0.00523666
-0.00401625
-0.00312941
-0.00191526
-0.00103248
0.000172362
0.00104789
0.00224044
0.00310559
0.0042829
0.00513462
0.00629382
0.00712911
0.0082674
0.00908337
0.0101981
0.0109919
0.0120803
0.0128493
0.013909
0.0146505
0.015679
0.0163905
0.0173855
0.0180648
0.0190241
0.0196687
0.0205903
0.0211982
0.0220801
0.0226493
0.0234898
0.0240184
0.0248157
0.0253021
0.0260547
0.0264973
0.0272038
0.0276012
0.0282604
0.0286113
0.0292222
0.0295255
0.0300871
0.0303418
0.0308533
0.0310588
0.0315196
0.0316752
0.0320848
0.03219
0.0325482
0.0326026
0.0329092
0.0329128
0.0331678
0.0331206
0.0333241
0.0332262
0.0333785
0.0332303
0.0333319
0.0331338
0.0331854
0.0329379
0.0329402
0.0326443
0.0325981
0.0322545
0.032161
0.0317708
0.031631
0.0311955
0.0310107
0.030531
0.0303027
0.0297803
0.02951
0.0289465
0.0286357
0.0280328
0.0276833
0.0270426
0.0266564
0.0259798
0.0255587
0.0248482
0.0243942
0.0236517
0.0231671
0.0223948
0.0218816
0.0210816
0.0205421
0.0197168
0.0191532
0.0183048
0.0177196
0.0168504
0.0162459
0.0153584
0.014737
0.0138336
0.0131978
0.0122809
0.0116333
0.0107053
0.0100482
0.00911176
0.00844776
0.00750521
0.00683679
0.00589066
0.00522029
0.00427303
0.00360319
0.00265725
0.00199039
0.00104819
0.000386706
-0.000549381
-0.0012031
-0.00213073
-0.00277436
-0.00369123
-0.0043225
-0.00522638
-0.00584306
-0.00673176
-0.00733171
-0.00820312
-0.00878424
-0.00963632
-0.0101966
-0.0110274
-0.0115649
-0.0123725
-0.0128854
-0.0136681
-0.0141546
-0.0149106
-0.0153692
-0.0160968
-0.0165258
-0.0172237
-0.0176217
-0.0182884
-0.018654
-0.0192883
-0.0196203
-0.0202209
-0.0205182
-0.021084
-0.0213456
-0.0218757
-0.0221007
-0.0225943
-0.0227819
-0.0232383
-0.0233878
-0.0238063
-0.0239172
-0.0242975
-0.0243694
-0.024711
-0.0247436
-0.0250462
-0.0250394
-0.025303
-0.0252566
-0.0254813
-0.0253954
-0.0255812
-0.0254561
-0.0256031
-0.0254391
-0.0255478
-0.0253452
-0.0254161
-0.0251755
-0.0252091
-0.0249311
-0.0249282
-0.0246135
-0.0245748
-0.0242244
-0.0241507
-0.0237654
-0.0236578
-0.0232388
-0.0230983
-0.0226466
-0.0224745
-0.0219914
-0.0217888
-0.0212756
-0.0210439
-0.0205019
-0.0202426
-0.0196733
-0.0193878
-0.0187928
-0.0184826
-0.0178634
-0.0175302
-0.0168885
-0.0165339
-0.0158714
-0.0154971
-0.0148156
-0.0144234
-0.0137245
-0.0133163
-0.012602
-0.0121794
-0.0114515
-0.0110165
-0.0102769
-0.00983135
-0.00908185
-0.00862768
-0.00787026
-0.00740932
-0.00664589
-0.00618009
-0.00541255
-0.00494379
-0.00417405
-0.00370422
-0.00293419
-0.00246516
-0.00169671
-0.00123033
-0.000465324
-3.44186e-06
0.000756302
0.00121189
0.00196457
0.0024121
0.00315596
0.0035937
0.00432703
0.00475331
0.00547443
0.00588762
0.00659492
0.00699343
0.00768536
0.00806769
0.00874274
0.00910743
0.00976417
0.0101098
0.0107469
0.0110722
0.0116883
0.0119921
0.012586
0.012867
0.0134376
0.0136947
0.014241
0.0144733
0.0149941
0.0152007
0.0156953
0.0158753
0.0163429
0.0164955
0.0169353
0.0170599
0.0174713
0.0175674
0.0179499
0.0180169
0.0183701
0.0184077
0.0187312
0.018739
0.0190326
0.0190105
0.019274
0.0192219
0.0194552
0.0193731
0.0195762
0.0194641
0.0196372
0.0194954
0.0196386
0.0194673
0.019581
0.0193804
0.0194649
0.0192356
0.0192914
0.0190339
0.0190615
0.0187763
0.0187764
0.0184643
0.0184375
0.0180991
0.0180463
0.0176825
0.0176044
0.0172161
0.0171137
0.0167018
0.0165761
0.0161417
0.0159937
0.0155378
0.0153685
0.0148923
0.014703
0.0142076
0.0139995
0.0134862
0.0132604
0.0127305
0.0124884
0.0119431
0.011686
0.0111267
0.010856
0.0102841
0.0100011
0.00941802
0.00912418
0.00853128
0.008228
0.00762677
0.0073155
0.00670738
0.00638957
0.00577602
0.00545313
0.00483562
0.00450911
0.00388911
0.00356042
0.00293938
0.00260998
0.00198935
0.00166067
0.00104189
0.000715333
9.98208e-05
-0.0002232
-0.000834052
-0.00115216
-0.00175699
-0.00206884
-0.0026663
-0.00297058
-0.00355937
-0.0038548
-0.00443365
-0.00471899
-0.00528667
-0.00556072
-0.00611606
-0.00637767
-0.00691954
-0.0071676
-0.00769491
-0.00792838
-0.00844009
-0.00865796
-0.00915311
-0.00935446
-0.00983212
-0.0100161
-0.0104754
-0.0106411
-0.0110813
-0.011228
-0.0116483
-0.0117754
-0.0121752
-0.0122819
-0.0126607
-0.0127465
-0.0131036
-0.0131681
-0.0135031
-0.0135459
-0.0138584
-0.013879
-0.0141687
-0.014167
-0.0144336
-0.0144093
-0.0146527
-0.0146057
-0.0148258
-0.0147559
-0.0149527
-0.01486
-0.0150335
-0.0149181
-0.0150683
-0.0149304
-0.0150576
-0.0148973
-0.0150017
-0.0148194
-0.0149012
-0.0146972
-0.0147569
-0.0145316
-0.0145696
-0.0143234
-0.0143403
-0.0140737
-0.01407
-0.0137836
-0.0137599
-0.0134544
-0.0134113
-0.0130875
-0.0130257
-0.0126842
-0.0126045
-0.0122461
-0.0121494
-0.011775
-0.011662
-0.0112724
-0.0111441
-0.0107402
-0.0105975
-0.0101804
-0.0100243
-0.0095948
-0.00942623
-0.00898545
-0.00880546
-0.00835441
-0.00816405
-0.00770378
-0.00750412
-0.00703572
-0.00682784
-0.0063524
-0.00613741
-0.00565603
-0.00543502
-0.00494882
-0.00472292
-0.00423302
-0.00400334
-0.00351086
-0.00327853
-0.00278459
-0.00255072
-0.00205643
-0.00182214
-0.00132861
-0.00109498
-0.000603308
-0.000371439
0.000117298
0.000346339
0.000831079
0.00105624
0.00153594
0.0017562
0.00222984
0.00244419
0.00291079
0.00311825
0.00357684
0.00377647
0.00422612
0.00441701
0.00485683
0.0050381
0.00546724
0.00563806
0.00605568
0.00621525
0.0066206
0.00676816
0.00716048
0.00729533
0.00767395
0.00779542
0.00815969
0.00826716
0.0086165
0.0087094
0.00904325
0.00912107
0.00943894
0.00950121
0.00980267
0.00984897
0.0101336
0.0101636
0.0104311
0.0104444
0.0106945
0.010691
0.0109234
0.0109028
0.0111174
0.0110795
0.0112762
0.011221
0.0113997
0.0113271
0.0114878
0.0113979
0.0115406
0.0114334
0.0115582
0.0114339
0.011541
0.0113997
0.0114893
0.0113312
0.0114035
0.011229
0.0112843
0.0110936
0.0111323
0.0109258
0.0109483
0.0107264
0.0107331
0.0104963
0.0104877
0.0102365
0.0102131
0.00994798
0.0099103
0.00963193
0.00958061
0.00928955
0.00922521
0.00892211
0.00884543
0.00853097
0.00844263
0.00811751
0.00801824
0.00768321
0.00757375
0.00722955
0.00711067
0.00675809
0.00663058
0.00627041
0.00613509
0.00576815
0.00562583
0.00525294
0.00510447
0.00472648
0.00457268
0.00419044
0.00403219
0.00364654
0.00348468
0.0030965
0.00293189
0.00254202
0.00237553
0.00198483
0.00181731
0.00142664
0.00125893
0.000869128
0.000702087
0.000313986
0.000148437
-0.000237136
-0.000400375
-0.000782611
-0.000942738
-0.00132084
-0.00147707
-0.00185028
-0.00200185
-0.00236939
-0.00251556
-0.00287672
-0.00301676
-0.00337083
-0.00350406
-0.00385036
-0.00397611
-0.004314
-0.00443163
-0.00476048
-0.00486939
-0.00518863
-0.00528825
-0.00559732
-0.00568711
-0.00598549
-0.00606495
-0.00635216
-0.00642083
-0.00669642
-0.00675388
-0.00701745
-0.00706329
-0.00731448
-0.00734837
-0.00758684
-0.00760847
-0.00783393
-0.00784303
-0.00805525
-0.00805159
-0.00825037
-0.00823376
-0.00841892
-0.00838924
-0.00856066
-0.00851779
-0.00867541
-0.00861929
-0.00876305
-0.00869367
-0.00882359
-0.00874096
-0.00885709
-0.00876128
-0.00886369
-0.00875481
-0.00884362
-0.00872181
-0.0087972
-0.00866264
-0.0087248
-0.00857771
-0.00862689
-0.00846752
-0.00850399
-0.00833263
-0.0083567
-0.00817369
-0.00818571
-0.00799139
-0.00799173
-0.0077865
-0.00777557
-0.00755985
-0.00753809
-0.00731233
-0.00728019
-0.00704487
-0.00700285
-0.00675847
-0.00670709
-0.00645416
-0.00639396
-0.00613304
-0.00606457
-0.00579623
-0.00572007
-0.00544489
-0.00536163
-0.00508021
-0.00499047
-0.00470342
-0.00460782
-0.00431577
-0.00421494
-0.00391854
-0.00381312
-0.003513
-0.00340365
-0.00310046
-0.00298784
-0.00268224
-0.00256699
-0.00225964
-0.00214243
-0.00183399
-0.00171547
-0.00140659
-0.00128743
-0.000978753
-0.000859597
-0.000551779
-0.00043327
-0.000126946
-9.71842e-06
0.000294483
0.000409804
0.000711267
0.000824069
0.00112219
0.00123188
0.00152606
0.00163205
0.00192174
0.00202346
0.00230809
0.002405
0.00268404
0.00277562
0.00304855
0.00313428
0.00340062
0.00348004
0.00373931
0.00381195
0.00406372
0.00412915
0.00437299
0.00443081
0.00466635
0.00471617
0.00494303
0.00498452
0.00520238
0.0052352
0.00544375
0.00546762
0.0056666
0.00568126
0.00587041
0.00587563
0.00605475
0.00605034
0.00621924
0.00620503
0.00636357
0.00633942
0.00648749
0.0064533
0.00659081
0.00654652
0.00667341
0.00661897
0.00673523
0.00667065
0.00677629
0.00670157
0.00679663
0.00671185
0.0067964
0.00670164
0.00677579
0.00667116
0.00673505
0.0066207
0.00667448
0.00655058
0.00659445
0.00646121
0.00649538
0.00635303
0.00637775
0.00622655
0.00624208
0.00608231
0.00608895
0.00592091
0.00591899
0.005743
0.00573286
0.00554927
0.00553126
0.00534046
0.00531497
0.00511733
0.00508475
0.00488069
0.00484144
0.00463137
0.00458589
0.00437026
0.00431898
0.00409824
0.00404164
0.00381623
0.00375478
0.0035252
0.00345936
0.00322608
0.00315635
0.00291987
0.00284675
0.00260756
0.00253153
0.00229013
0.00221171
0.00196861
0.0018883
0.00164399
0.0015623
0.00131729
0.00123472
0.000989508
0.000906565
0.000661652
0.00057883
0.000334708
0.000252499
9.65624e-06
-7.14551e-05
-0.00031254
-0.000392077
-0.000630933
-0.000708429
-0.000944598
-0.0010196
-0.00125263
-0.00132469
-0.00155415
-0.00162284
-0.00184831
-0.00191322
-0.00213429
-0.00219502
-0.00241131
-0.00246746
-0.00267859
-0.00272982
-0.00293544
-0.0029814
-0.00318117
-0.00322153
-0.00341515
-0.00344959
-0.00363676
-0.00366502
-0.00384547
-0.00386727
-0.00404075
-0.00405587
-0.00422214
-0.00423035
-0.00438923
-0.00439034
-0.00454164
-0.00453548
-0.00467904
-0.00466547
-0.00480116
-0.00478006
-0.00490778
-0.00487904
-0.0049987
-0.00496227
-0.00507382
-0.00502963
-0.00513303
-0.00508107
-0.00517631
-0.00511658
-0.00520368
-0.0051362
-0.0052152
-0.00514003
-0.00521099
-0.00512819
-0.00519119
-0.00510087
-0.00515602
-0.00505828
-0.00510572
-0.00500071
-0.00504059
-0.00492847
-0.00496095
-0.0048419
-0.00486719
-0.00474141
-0.0047597
-0.00462742
-0.00463896
-0.0045004
-0.00450544
-0.00436087
-0.00435966
-0.00420935
-0.00420218
-0.00404641
-0.00403358
-0.00387266
-0.00385447
-0.00368871
-0.00366549
-0.00349522
-0.0034673
-0.00329286
-0.00326058
-0.00308232
-0.00304605
-0.00286431
-0.0028244
-0.00263957
-0.00259639
-0.00240883
-0.00236276
-0.00217284
-0.00212427
-0.00193237
-0.00188167
-0.00168819
-0.00163574
-0.00144105
-0.00138726
-0.00119175
-0.00113699
-0.000941051
-0.000885707
-0.000689722
-0.000634182
-0.000438529
-0.000383174
-0.000188231
-0.000133436
6.04262e-05
0.000114291
0.000306706
0.000359277
0.000549887
0.000600809
0.000789263
0.000838189
0.00102415
0.00107074
0.00125387
0.0012978
0.00147779
0.00151875
0.00169528
0.00173296
0.00190574
0.00193985
0.00210861
0.00213888
0.00230333
0.0023295
0.00248941
0.00251123
0.00266635
0.00268359
0.00283371
0.00284616
0.00299107
0.00299853
0.00313804
0.00314034
0.00327428
0.00327125
0.00339948
0.00339098
0.00351336
0.00349926
0.00361568
0.00359588
0.00370624
0.00368065
0.00378488
0.00375343
0.00385146
0.0038141
0.0039059
0.00386259
0.00394814
0.00389888
0.00397817
0.00392297
0.00399601
0.00393489
0.00400173
0.00393472
0.0039954
0.00392258
0.00397718
0.00389861
0.00394721
0.00386299
0.00390571
0.00381595
0.00385289
0.00375772
0.00378903
0.00368859
0.00371441
0.00360887
0.00362938
0.0035189
0.00353426
0.00341903
0.00342946
0.00330968
0.00331536
0.00319124
0.00319241
0.00306418
0.00306106
0.00292894
0.00292177
0.00278601
0.00277505
0.00263591
0.0026214
0.00247913
0.00246135
0.00231623
0.00229545
0.00214775
0.00212425
0.00197425
0.00194831
0.0017963
0.00176821
0.00161448
0.00158453
0.00142937
0.00139787
0.00124157
0.0012088
0.00105166
0.00101792
0.000860237
0.000825829
0.000667897
0.000633114
0.000475227
0.000440363
0.000282812
0.000248157
9.12306e-05
5.70709e-05
-9.89468e-05
-0.000132328
-0.000287159
-0.000319484
-0.000472854
-0.000503854
-0.000655497
-0.000684906
-0.000834563
-0.000862125
-0.00100954
-0.00103501
-0.00117995
-0.00120308
-0.00134531
-0.00136588
-0.00150517
-0.00152296
-0.0016591
-0.00167389
-0.00180668
-0.00181829
-0.00194754
-0.00195578
-0.0020813
-0.00208599
-0.00220763
-0.00220862
-0.00232622
-0.00232336
-0.00243678
-0.00242993
-0.00253905
-0.0025281
-0.0026328
-0.00261763
-0.00271782
-0.00269835
-0.00279394
-0.00277009
-0.00286101
-0.00283271
-0.00291891
-0.00288611
-0.00296755
-0.00293022
-0.00300687
-0.00296499
-0.00303683
-0.0029904
-0.00305744
-0.00300646
-0.00306871
-0.00301321
-0.00307071
-0.00301072
-0.0030635
-0.00299907
-0.00304719
-0.00297839
-0.00302193
-0.00294882
-0.00298786
-0.00291054
-0.00294517
-0.00286374
-0.00289407
-0.00280864
-0.0028348
-0.00274549
-0.00276759
-0.00267455
-0.00269274
-0.00259611
-0.00261054
-0.00251047
-0.00252131
-0.00241795
-0.00242537
-0.00231891
-0.00232308
-0.00221371
-0.00221481
-0.0021027
-0.00210093
-0.0019863
-0.00198186
-0.00186488
-0.00185798
-0.00173888
-0.00172973
-0.00160871
-0.00159752
-0.00147481
-0.00146179
-0.00133761
-0.00132299
-0.00119755
-0.00118157
-0.0010551
-0.00103796
-0.00091069
-0.000892636
-0.000764787
-0.000746041
-0.000617842
-0.000598632
-0.000470309
-0.000450861
-0.000322639
-0.000303177
-0.000175279
-0.000156025
-2.86715e-05
-9.84402e-06
0.000116748
0.000134933
0.000260552
0.000277883
0.000402321
0.000418592
0.000541644
0.000556654
0.000678125
0.000691679
0.000811377
0.000823287
0.000941027
0.000951112
0.00106672
0.0010748
0.00118811
0.00119403
0.00130487
0.00130846
0.00141668
0.00141781
0.00152327
0.00152179
0.00162436
0.00162013
0.00171968
0.0017126
0.00180901
0.00179896
0.00189213
0.00187901
0.00196885
0.00195257
0.002039
0.00201948
0.00210242
0.00207959
0.00215898
0.00213279
0.00220858
0.00217899
0.00225114
0.0022181
0.00228658
0.00225007
0.00231487
0.00227488
0.00233598
0.00229252
0.00234993
0.00230299
0.00235673
0.00230634
0.00235643
0.00230262
0.0023491
0.0022919
0.00233482
0.00227429
0.0023137
0.0022499
0.00228586
0.00221887
0.00225146
0.00218135
0.00221066
0.00213751
0.00216363
0.00208755
0.00211059
0.00203168
0.00205174
0.00197011
0.00198731
0.0019031
0.00191756
0.00183088
0.00184274
0.00175372
0.00176312
0.00167192
0.00167899
0.00158574
0.00159065
0.0014955
0.00149839
0.00140151
0.00140254
0.00130408
0.00130341
0.00120354
0.00120134
0.00110023
0.00109667
0.000994471
0.000989719
0.000886618
0.000880847
0.000777012
0.000770395
0.000666
0.000658713
0.000553932
0.000546148
0.000441155
0.000433049
0.000328016
0.00031976
0.000214861
0.000206627
0.00010203
9.39889e-05
-1.01367e-05
-1.78192e-05
-0.000121308
-0.000128467
-0.000231158
-0.000237632
-0.000339365
-0.000344999
-0.000445619
-0.000450259
-0.000549618
-0.000553114
-0.000651066
-0.000653278
-0.000749683
-0.000750472
-0.000845195
-0.00084443
-0.000937344
-0.000934899
-0.00102588
-0.00102164
-0.00111057
-0.00110442
-0.0011912
-0.00118303
-0.00126756
-0.00125728
-0.00133945
-0.00132697
-0.00140671
-0.00139194
-0.00146917
-0.00145203
-0.00152668
-0.00150712
-0.00157913
-0.00155708
-0.00162639
-0.00160181
-0.00166837
-0.00164122
-0.001705
-0.00167524
-0.00173621
-0.00170382
-0.00176197
-0.00172692
-0.00178223
-0.00174453
-0.00179699
-0.00175664
-0.00180626
-0.00176326
-0.00181007
-0.00176444
-0.00180844
-0.0017602
-0.00180143
-0.00175063
-0.00178912
-0.00173579
-0.00177159
-0.00171578
-0.00174894
-0.0016907
-0.00172129
-0.00166069
-0.00168877
-0.00162587
-0.00165152
-0.0015864
-0.00160969
-0.00154244
-0.00156346
-0.00149417
-0.001513
-0.00144176
-0.00145851
-0.00138541
-0.00140019
-0.00132534
-0.00133824
-0.00126176
-0.0012729
-0.00119489
-0.00120438
-0.00112496
-0.00113292
-0.00105222
-0.00105878
-0.000976909
-0.000982187
-0.00089928
-0.000903405
-0.000819587
-0.00082269
-0.000738092
-0.000740304
-0.000655057
-0.00065651
-0.000570747
-0.000571574
-0.000485429
-0.000485763
-0.000399369
-0.000399345
-0.000312835
-0.000312585
-0.000226091
-0.000225748
-0.000139402
-0.000139098
-5.30302e-05
-5.28934e-05
3.27678e-05
3.26091e-05
0.000117738
0.000117158
0.000201631
0.000200508
0.000284203
0.000282417
0.000365218
0.000362653
0.000444444
0.000440988
0.00052166
0.000517204
0.000596651
0.00059109
0.00066921
0.000662446
0.000739141
0.000731078
0.000806258
0.000796806
0.000870382
0.000859457
0.00093135
0.000918872
0.000989004
0.000974901
0.0010432
0.00102741
0.00109381
0.00107626
0.00114071
0.00112135
0.0011838
0.00116258
0.00122298
0.00119986
0.00125816
0.0012331
0.00128929
0.00126226
0.00131629
0.00128727
0.00133914
0.00130811
0.00135779
0.00132474
0.00137223
0.00133715
0.00138245
0.00134536
0.00138847
0.00134936
0.0013903
0.0013492
0.00138798
0.0013449
0.00138156
0.00133652
0.00137108
0.00132413
0.00135662
0.00130779
0.00133825
0.00128759
0.00131608
0.00126364
0.0012902
0.00123603
0.00126073
0.00120488
0.00122778
0.00117033
0.00119149
0.0011325
0.00115199
0.00109154
0.00110945
0.00104761
0.00106401
0.00100086
0.00101583
0.000951468
0.000965094
0.000899598
0.000911972
0.000845433
