0
0
0
0
0
0
0
0
0
0
0
0
0
0
0
0
0
0
0
0
0
0
0
0
0
0
0
0
0
0
0
0
0
0
0
0
0
0
0
0
0
0
0
0
0
0
0
0
0
0
0
0
0
0
0
0
0
0
0
0
0
0
0
0
0
0
0
0
0
0
0
0
0
0
0
0
0
0
0
0
0
0
0
0
0
0
0
0
0
0
0
0
0
0
0
0
0
0
0
0
0
0
0
0
0
0
0
0
0
0
0
0
0
0
0
0
0
0
0
0
0
0
0
0
0
0
0
0
0
0
0
0
0
0
0
0
0
0
0
0
0
0
0
0
0
0
0
0
0
0
0
0
0
0
0
0
0
0
0
0
0
0
0
0
0
0
0
0
0
0
0
0
0
0
0
0
0
0
0
0
0
0
0
0
0
0
0
0
0
0
0
0
0
0
0
0
0
0
0
0
0
0
0
0
0
0
0
0
0
0
0
0
0
0
0
0
0
0
0
0
0
0
0
0
0
0
0
0
0
0
0
0
0
0
0
0
0
0
0
0
0
0
0
0
0
0
0
0
0
0
0
0
0
0
0
0
0
0
0
0
0
0
0
0
0
0
0
0
0
0
0
0
0
0
0
0
0
0
0
0
0
0
0
0
0
0
0
0
0
0
0
0
0
0
0
0
0
0
0
0
0
0
0
0
0
0
0
0
0
0
0
0
0
0
0
0
0
0
0
0
0
0
0
0
0
0
0
0
0
0
0
0
0
0
0
0
0
0
0
0
0
0
0
0
0
0
0
0
0
0
0
0
0
0
0
0
0
0
0
0
0
0
0
0
0
0
0
0
0
0
0
0
0
0
0
0
0
0
0
0
0
0
0
0
0
0
0
0
0
0
0
0
0
0
0
0
0
0
0
0
0
0
0
0
0
0
0
0
0
0
0
0
0
0
0
0
0
0
0
0
0
0
0
0
0
0
0
0
0
0
0
0
0
0
0
0
0
0
0
0
0
0
0
0
0
0
0
0
0
0
0
0
0
0
0
0
0
0
0
0
0
0
0
0
0
0
0
0
0
0
0
0
0
0
0
0
0
0
0
0
0
0
0
0
0
0
0
0
0
0
0
0
0
0
0
0
0
0
0
0
0
0
0
0
0
0
0
0
0
0
0
0
0
0
0
0
0
0
0
0
0
0
0
0
0
0
0
0
0
0
0
0
0
0
0
0
0
0
0
0
0
0
0
0
0
0
0
0
0
0
0
0
0
0
0
0
0
0
0
0
0
0
0
0
0
0
0
0
0
0
0
0
0
0
0
0
0
0
0
0
0
0
0
0
0
0
0
0
0
0
0
0
0
0
0
0
0
0
0
0
0
0
0
0
0
0
0
0
0
0
0
0
0
0
0
0
0
0
0
0
0
0
0
0
0
0
0
0
0
0
0
0
0
0
0
0
0
0
0
0
0
0
0
0
0
0
0
0
0
0
0
0
0
0
0
0
0
0
0
0
0
0
0
0
0
0
0
0
0
0
0
0
0
0
0
0
0
0
0
0
0
0
0
0
0
0
0
0
0
0
0
0
0
0
0
0
0
0
0
0
0
0
0
0
0
0
0
0
0
0
0
0
0
0
0
0
0
0
0
0
0
0
0
0
0
0
0
0
0
0
0
0
0
0
0
0
0
0
0
0
0
0
0
0
0
0
0
0
0
0
0
0
0
0
0
0
0
0
0
0
0
0
0
0
0
0
0
0
0
0
0
0
0
0
0
0
0
0
0
0
0
0
0
0
0
0
0
0
0
0
0
0
0
0
0
0
0
0
0
0
0
0
0
0
0
0
0
0
0
0
0
0
0
0
0
0
0
0
0
0
0
0
0
0
0
0
0
0
0
0
0
0
0
0
0
0
0
0
0
0
0
0
0
0
0
0
0
0
0
0
0
0
0
0
0
0
0
0
0
0
0
0
0
0
0
0
0
0
0
0
0
0
0
0
0
0
0
0
0
2.78398e-10
1.23045e-09
2.76419e-09
5.78754e-09
1.31489e-08
2.76118e-08
5.11576e-08
8.53745e-08
1.31306e-07
1.89588e-07
2.60482e-07
3.43954e-07
4.3975e-07
5.47448e-07
6.6652e-07
7.96371e-07
9.36383e-07
1.08593e-06
1.24442e-06
1.41127e-06
1.58595e-06
1.76796e-06
1.95685e-06
2.15219e-06
2.35359e-06
2.56068e-06
2.77312e-06
2.99057e-06
3.21272e-06
3.43928e-06
3.66995e-06
3.90446e-06
4.14255e-06
4.38399e-06
4.62855e-06
4.87601e-06
5.12621e-06
5.37896e-06
5.63413e-06
5.89155e-06
6.15112e-06
6.41269e-06
6.67616e-06
6.9414e-06
7.20828e-06
7.47667e-06
7.74642e-06
8.01738e-06
8.28935e-06
8.56217e-06
8.8356e-06
9.10944e-06
9.38343e-06
9.65731e-06
9.93082e-06
1.02037e-05
1.04755e-05
1.07462e-05
1.10152e-05
1.12823e-05
1.15473e-05
1.18098e-05
1.20694e-05
1.23261e-05
1.25793e-05
1.2829e-05
1.30749e-05
1.33167e-05
1.35543e-05
1.37875e-05
1.40159e-05
1.42396e-05
1.44582e-05
1.46717e-05
1.48797e-05
1.50822e-05
1.52789e-05
1.54697e-05
1.56542e-05
1.58324e-05
1.6004e-05
1.61687e-05
1.63264e-05
1.64769e-05
1.66199e-05
1.67553e-05
1.68827e-05
1.70021e-05
1.71133e-05
1.72161e-05
1.73104e-05
1.73959e-05
1.74727e-05
1.75405e-05
1.75994e-05
1.76492e-05
1.76899e-05
1.77215e-05
1.7744e-05
1.77573e-05
1.77615e-05
1.77567e-05
1.77428e-05
1.772e-05
1.76883e-05
1.76478e-05
1.75986e-05
1.75408e-05
1.74744e-05
1.73997e-05
1.73166e-05
1.72254e-05
1.71261e-05
1.70188e-05
1.69037e-05
1.67809e-05
1.66504e-05
1.65124e-05
1.6367e-05
1.62143e-05
1.60544e-05
1.58873e-05
1.57133e-05
1.55322e-05
1.53443e-05
1.51496e-05
1.49483e-05
1.47403e-05
1.45259e-05
1.4305e-05
1.40777e-05
1.38443e-05
1.36047e-05
1.33591e-05
1.31076e-05
1.28503e-05
1.25874e-05
1.2319e-05
1.20452e-05
1.17663e-05
1.14824e-05
1.11936e-05
1.09002e-05
1.06024e-05
1.03003e-05
9.99415e-06
9.6842e-06
9.37064e-06
9.05368e-06
8.73355e-06
8.41048e-06
8.08467e-06
7.75636e-06
7.42576e-06
7.09312e-06
6.75865e-06
6.42261e-06
6.08521e-06
5.74672e-06
5.40738e-06
5.06745e-06
4.72719e-06
4.38685e-06
4.04671e-06
3.70703e-06
3.36804e-06
3.02999e-06
2.69311e-06
2.35761e-06
2.0237e-06
1.69156e-06
1.36136e-06
1.03327e-06
7.07436e-07
3.84016e-07
6.31613e-08
-2.5497e-07
-5.70215e-07
-8.82406e-07
-1.19137e-06
-1.49692e-06
-1.79888e-06
-2.09706e-06
-2.39127e-06
-2.68133e-06
-2.96708e-06
-3.24837e-06
-3.52505e-06
-3.797e-06
-4.06412e-06
-4.32631e-06
-4.58348e-06
-4.83555e-06
-5.08244e-06
-5.32408e-06
-5.56038e-06
-5.79124e-06
-6.01655e-06
-6.23619e-06
-6.45004e-06
-6.65552e-06
-6.84639e-06
-7.02057e-06
-7.18309e-06
-7.33842e-06
-7.48867e-06
-7.63525e-06
-7.77863e-06
-7.91891e-06
-8.05586e-06
-8.18916e-06
-8.31842e-06
-8.44329e-06
-8.56347e-06
-8.67873e-06
-8.78889e-06
-8.89385e-06
-8.99357e-06
-9.08804e-06
-9.17729e-06
-9.26139e-06
-9.34041e-06
-9.41442e-06
-9.4835e-06
-9.54766e-06
-9.60691e-06
-9.66121e-06
-9.71049e-06
-9.75463e-06
-9.7935e-06
-9.82695e-06
-9.85481e-06
-9.87691e-06
-9.89312e-06
-9.90333e-06
-9.90749e-06
-9.90561e-06
-9.89775e-06
-9.88404e-06
-9.86464e-06
-9.83977e-06
-9.80971e-06
-9.77474e-06
-9.73522e-06
-9.69149e-06
-9.64396e-06
-9.59303e-06
-9.53911e-06
-9.48264e-06
-9.42403e-06
-9.36372e-06
-9.30211e-06
-9.2396e-06
-9.17654e-06
-9.11324e-06
-9.04995e-06
-8.98685e-06
-8.92409e-06
-8.86175e-06
-8.79986e-06
-8.73844e-06
-8.67743e-06
-8.6168e-06
-8.55649e-06
-8.49645e-06
-8.43666e-06
-8.37714e-06
-8.31791e-06
-8.25904e-06
-8.20062e-06
-8.14275e-06
-8.08556e-06
-8.02919e-06
-7.97377e-06
-7.91941e-06
-7.86622e-06
-7.81426e-06
-7.76358e-06
-7.71423e-06
-7.66621e-06
-7.61952e-06
-7.57417e-06
-7.53013e-06
-7.48743e-06
-7.4461e-06
-7.40623e-06
-7.3679e-06
-7.33127e-06
-7.29651e-06
-7.26379e-06
-7.23333e-06
-7.20535e-06
-7.18004e-06
-7.15761e-06
-7.1382e-06
-7.12193e-06
-7.10887e-06
-7.09906e-06
-7.09249e-06
-7.08913e-06
-7.08893e-06
-7.09183e-06
-7.09776e-06
-7.10666e-06
-7.11849e-06
-7.13327e-06
-7.15101e-06
-7.17178e-06
-7.19566e-06
-7.22276e-06
-7.2532e-06
-7.28712e-06
-7.32465e-06
-7.36593e-06
-7.41107e-06
-7.46017e-06
-7.51331e-06
-7.57054e-06
-7.63191e-06
-7.69742e-06
-7.76708e-06
-7.84089e-06
-7.91881e-06
-8.00083e-06
-8.08689e-06
-8.17698e-06
-8.27105e-06
-8.36906e-06
-8.47098e-06
-8.57677e-06
-8.6864e-06
-8.79983e-06
-8.91703e-06
-9.03796e-06
-9.16259e-06
-9.29088e-06
-9.42279e-06
-9.55829e-06
-9.69734e-06
-9.83991e-06
-9.98597e-06
-1.01355e-05
-1.02885e-05
-1.0445e-05
-1.0605e-05
-1.07686e-05
-1.09358e-05
-1.11068e-05
-1.12816e-05
-1.14603e-05
-1.16431e-05
-1.18301e-05
-1.20213e-05
-1.22169e-05
-1.24168e-05
-1.2621e-05
-1.28294e-05
-1.30419e-05
-1.32584e-05
-1.34787e-05
-1.37025e-05
-1.39296e-05
-1.41597e-05
-1.43927e-05
-1.46282e-05
-1.48661e-05
-1.51062e-05
-1.53484e-05
-1.55925e-05
-1.58386e-05
-1.60865e-05
-1.63363e-05
-1.65879e-05
-1.68414e-05
-1.70968e-05
-1.73542e-05
-1.76134e-05
-1.78747e-05
-1.81378e-05
-1.8403e-05
-1.867e-05
-1.89389e-05
-1.92096e-05
-1.94818e-05
-1.97555e-05
-2.00304e-05
-2.03062e-05
-2.05825e-05
-2.08591e-05
-2.11355e-05
-2.14114e-05
-2.16864e-05
-2.19603e-05
-2.22327e-05
-2.25035e-05
-2.27727e-05
-2.30404e-05
-2.33065e-05
-2.35715e-05
-2.38355e-05
-2.40956e-05
-2.43505e-05
-2.46101e-05
-2.48826e-05
-2.51681e-05
-2.54663e-05
-2.57761e-05
-2.60959e-05
-2.64241e-05
-2.67591e-05
-2.70994e-05
-2.74436e-05
-2.77908e-05
-2.814e-05
-2.84909e-05
-2.88429e-05
-2.91959e-05
-2.955e-05
-2.99051e-05
-3.02615e-05
-3.06192e-05
-3.09786e-05
-3.13397e-05
-3.17027e-05
-3.20676e-05
-3.24343e-05
-3.28026e-05
-3.31724e-05
-3.35434e-05
-3.39152e-05
-3.42874e-05
-3.46597e-05
-3.50316e-05
-3.54027e-05
-3.57728e-05
-3.61413e-05
-3.65081e-05
-3.68728e-05
-3.72352e-05
-3.75951e-05
-3.79521e-05
-3.83056e-05
-3.86556e-05
-3.90009e-05
-3.93385e-05
-3.96653e-05
-3.99792e-05
-4.02784e-05
-4.05617e-05
-4.08283e-05
-4.10781e-05
-4.1311e-05
-4.15273e-05
-4.17277e-05
-4.1913e-05
-4.20841e-05
-4.22421e-05
-4.2388e-05
-4.25229e-05
-4.26481e-05
-4.27644e-05
-4.28729e-05
-4.29745e-05
-4.30698e-05
-4.31596e-05
-4.32442e-05
-4.3324e-05
-4.33991e-05
-4.34698e-05
-4.35359e-05
-4.35975e-05
-4.36542e-05
-4.3706e-05
-4.37527e-05
-4.3794e-05
-4.38297e-05
-4.38596e-05
-4.38835e-05
-4.39014e-05
-4.39131e-05
-4.39185e-05
-4.39178e-05
-4.3911e-05
-4.38983e-05
-4.38801e-05
-4.38566e-05
-4.38284e-05
-4.37961e-05
-4.37601e-05
-4.37211e-05
-4.36799e-05
-4.36372e-05
-4.35937e-05
-4.35501e-05
-4.35072e-05
-4.34656e-05
-4.3426e-05
-4.33889e-05
-4.33549e-05
-4.33245e-05
-4.32979e-05
-4.32756e-05
-4.32577e-05
-4.32443e-05
-4.32353e-05
-4.32306e-05
-4.32299e-05
-4.3233e-05
-4.32394e-05
-4.32487e-05
-4.32604e-05
-4.32739e-05
-4.32888e-05
-4.33045e-05
-4.33206e-05
-4.33365e-05
-4.3352e-05
-4.33668e-05
-4.33804e-05
-4.33927e-05
-4.34036e-05
-4.34128e-05
-4.34203e-05
-4.3426e-05
-4.343e-05
-4.34323e-05
-4.34329e-05
-4.3432e-05
-4.34298e-05
-4.34263e-05
-4.34217e-05
-4.34163e-05
-4.34104e-05
-4.34041e-05
-4.33977e-05
-4.33914e-05
-4.33856e-05
-4.33806e-05
-4.33766e-05
-4.3374e-05
-4.3373e-05
-4.3374e-05
-4.33772e-05
-4.33829e-05
-4.33913e-05
-4.34029e-05
-4.34177e-05
-4.3436e-05
-4.34581e-05
-4.34843e-05
-4.35147e-05
-4.35497e-05
-4.35895e-05
-4.36345e-05
-4.36849e-05
-4.37412e-05
-4.38037e-05
-4.38729e-05
-4.39491e-05
-4.40327e-05
-4.41243e-05
-4.42242e-05
-4.43329e-05
-4.44507e-05
-4.45781e-05
-4.47154e-05
-4.48629e-05
-4.50209e-05
-4.51898e-05
-4.53697e-05
-4.5561e-05
-4.57638e-05
-4.59784e-05
-4.62049e-05
-4.64438e-05
-4.66951e-05
-4.69592e-05
-4.72364e-05
-4.75267e-05
-4.78306e-05
-4.81482e-05
-4.84797e-05
-4.88252e-05
-4.91848e-05
-4.95586e-05
-4.99465e-05
-5.03485e-05
-5.07643e-05
-5.11938e-05
-5.16367e-05
-5.20927e-05
-5.25614e-05
-5.30422e-05
-5.35346e-05
-5.40381e-05
-5.45519e-05
-5.50754e-05
-5.56077e-05
-5.6148e-05
-5.66953e-05
-5.72563e-05
-5.78473e-05
-5.84748e-05
-5.9129e-05
-5.98006e-05
-6.04833e-05
-6.11707e-05
-6.18581e-05
-6.25415e-05
-6.32184e-05
-6.3887e-05
-6.45465e-05
-6.51966e-05
-6.58375e-05
-6.647e-05
-6.70946e-05
-6.77125e-05
-6.83243e-05
-6.89309e-05
-6.95329e-05
-7.01308e-05
-7.0725e-05
-7.13156e-05
-7.19024e-05
-7.24854e-05
-7.30642e-05
-7.36386e-05
-7.42081e-05
-7.47724e-05
-7.53314e-05
-7.58848e-05
-7.64326e-05
-7.6975e-05
-7.75122e-05
-7.80447e-05
-7.8573e-05
-7.90978e-05
-7.96197e-05
-8.01394e-05
-8.06577e-05
-8.11726e-05
-8.16783e-05
-8.21731e-05
-8.26626e-05
-8.31519e-05
-8.36432e-05
-8.4138e-05
-8.46369e-05
-8.51398e-05
-8.56464e-05
-8.61561e-05
-8.66687e-05
-8.71836e-05
-8.77006e-05
-8.82197e-05
-8.87408e-05
-8.92643e-05
-8.97903e-05
-9.03193e-05
-9.08515e-05
-9.13874e-05
-9.19273e-05
-9.24715e-05
-9.30202e-05
-9.35735e-05
-9.41313e-05
-9.46935e-05
-9.52598e-05
-9.58297e-05
-9.64029e-05
-9.69787e-05
-9.75566e-05
-9.81361e-05
-9.87164e-05
-9.9297e-05
-9.98775e-05
-0.000100457
-0.000101037
-0.000101615
-0.000102191
-0.000102767
-0.000103341
-0.000103914
-0.000104487
-0.000105058
-0.00010563
-0.000106201
-0.000106773
-0.000107345
-0.000107918
-0.000108492
-0.000109067
-0.000109643
-0.00011022
-0.000110797
-0.000111374
-0.00011195
-0.000112524
-0.000113095
-0.000113662
-0.000114225
-0.000114781
-0.000115331
-0.000115872
-0.000116404
-0.000116926
-0.000117438
-0.000117939
-0.000118428
-0.000118904
-0.000119369
-0.000119821
-0.000120259
-0.000120685
-0.000121097
-0.000121496
-0.000121881
-0.000122252
-0.000122609
-0.000122951
-0.000123278
-0.000123589
-0.000123883
-0.000124161
-0.00012442
-0.000124662
-0.000124884
-0.000125086
-0.000125268
-0.000125429
-0.00012557
-0.000125691
-0.000125793
-0.000125875
-0.00012594
-0.000125988
-0.000126021
-0.000126041
-0.000126048
-0.000126046
-0.000126035
-0.000126017
-0.000125994
-0.000125966
-0.000125937
-0.000125905
-0.000125874
-0.000125843
-0.000125814
-0.000125788
-0.000125765
-0.000125747
-0.000125734
-0.000125727
-0.000125728
-0.000125736
-0.000125753
-0.000125779
-0.000125815
-0.000125862
-0.000125919
-0.000125988
-0.000126068
-0.000126159
-0.000126261
-0.000126374
-0.000126497
-0.000126631
-0.000126774
-0.000126927
-0.000127088
-0.000127258
-0.000127435
-0.000127619
-0.00012781
-0.000128007
-0.00012821
-0.000128418
-0.00012863
-0.000128847
-0.000129067
-0.000129289
-0.000129514
-0.00012974
-0.000129966
-0.000130191
-0.000130415
-0.000130636
-0.000130855
-0.00013107
-0.000131282
-0.000131489
-0.000131693
-0.000131894
-0.000132092
-0.000132288
-0.000132482
-0.000132676
-0.000132871
-0.000133067
-0.000133275
-0.000133511
-0.000133773
-0.000134048
-0.000134329
-0.000134614
-0.000134896
-0.000135174
-0.000135444
-0.000135704
-0.000135953
-0.000136191
-0.000136418
-0.000136635
-0.000136844
-0.000137045
-0.000137241
-0.000137434
-0.000137626
-0.000137819
-0.000138015
-0.000138215
-0.000138422
-0.000138636
-0.000138858
-0.00013909
-0.000139332
-0.000139583
-0.000139846
-0.000140118
-0.000140401
-0.000140694
-0.000140997
-0.00014131
-0.000141633
-0.000141965
-0.000142307
-0.000142658
-0.000143018
-0.000143387
-0.000143762
-0.000144142
-0.000144535
-0.000144948
-0.000145378
-0.000145825
-0.000146285
-0.000146757
-0.000147237
-0.000147723
-0.000148213
-0.000148706
-0.000149201
-0.000149699
-0.000150198
-0.000150699
-0.000151205
-0.000151716
-0.000152234
-0.000152761
-0.000153299
-0.000153849
-0.000154414
-0.000154995
-0.000155594
-0.000156213
-0.000156851
-0.00015751
-0.000158191
-0.000158893
-0.000159617
-0.000160362
-0.000161127
-0.000161912
-0.000162715
-0.000163534
-0.000164369
-0.000165217
-0.000166077
-0.000166946
-0.000167823
-0.000168706
-0.000169593
-0.000170481
-0.000171369
-0.000172256
-0.000173139
-0.000174017
-0.000174888
-0.000175752
-0.000176608
-0.000177455
-0.000178294
-0.000179123
-0.000179945
-0.00018076
-0.000181568
-0.000182372
-0.000183172
-0.00018397
-0.000184767
-0.000185566
-0.000186365
-0.000187168
-0.000187973
-0.000188782
-0.000189594
-0.000190409
-0.000191227
-0.000192046
-0.000192867
-0.000193688
-0.000194507
-0.000195325
-0.000196139
-0.000196948
-0.000197751
-0.000198547
-0.000199336
-0.000200115
-0.000200885
-0.000201644
-0.000202393
-0.00020313
-0.000203858
-0.000204574
-0.000205281
-0.000205978
-0.000206666
-0.000207345
-0.000208017
-0.000208683
-0.000209342
-0.000209995
-0.000210643
-0.000211287
-0.000211926
-0.000212561
-0.000213192
-0.000213819
-0.000214442
-0.000215061
-0.000215676
-0.000216285
-0.000216889
-0.000217487
-0.000218079
-0.000218663
-0.000219239
-0.000219806
-0.000220363
-0.00022091
-0.000221446
-0.000221971
-0.000222484
-0.000222984
-0.000223472
-0.000223947
-0.000224409
-0.000224856
-0.000225289
-0.000225707
-0.000226109
-0.000226495
-0.000226863
-0.000227212
-0.000227541
-0.000227851
-0.000228139
-0.000228405
-0.00022865
-0.000228873
-0.000229075
-0.000229257
-0.000229418
-0.000229562
-0.000229689
-0.0002298
-0.000229899
-0.000229986
-0.000230063
-0.000230133
-0.000230197
-0.000230258
-0.000230316
-0.000230373
-0.00023043
-0.00023049
-0.000230552
-0.000230617
-0.000230686
-0.000230759
-0.000230836
-0.000230918
-0.000231003
-0.000231091
-0.000231182
-0.000231276
-0.000231371
-0.000231467
-0.000231537
-0.00023155
-0.000231531
-0.000231503
-0.000231475
-0.000231455
-0.000231447
-0.000231454
-0.000231479
-0.000231522
-0.000231582
-0.000231659
-0.000231752
-0.00023186
-0.000231981
-0.000232114
-0.000232259
-0.000232413
-0.000232577
-0.000232749
-0.000232928
-0.000233115
-0.000233306
-0.000233503
-0.000233703
-0.000233906
-0.000234109
-0.000234312
-0.000234512
-0.00023471
-0.000234903
-0.00023509
-0.00023527
-0.000235442
-0.000235606
-0.000235761
-0.000235906
-0.000236042
-0.000236167
-0.000236283
-0.000236396
-0.000236522
-0.000236668
-0.000236821
-0.000236972
-0.000237114
-0.00023724
-0.000237346
-0.000237428
-0.000237485
-0.000237515
-0.000237518
-0.000237495
-0.000237448
-0.000237378
-0.00023729
-0.000237184
-0.000237064
-0.000236932
-0.000236791
-0.000236643
-0.00023649
-0.000236334
-0.000236174
-0.000236012
-0.000235848
-0.000235682
-0.000235514
-0.000235343
-0.00023517
-0.000234996
-0.000234821
-0.000234645
-0.000234472
-0.000234302
-0.000234139
-0.000233987
-0.000233847
-0.000233725
-0.000233623
-0.000233545
-0.000233496
-0.000233477
-0.000233493
-0.000233545
-0.000233636
-0.000233769
-0.000233944
-0.000234163
-0.000234427
-0.000234738
-0.000235095
-0.0002355
-0.000235953
-0.000236454
-0.000237005
-0.000237605
-0.000238255
-0.000238954
-0.000239702
-0.000240498
-0.000241341
-0.000242231
-0.000243164
-0.00024414
-0.000245155
-0.000246206
-0.000247292
-0.000248407
-0.000249551
-0.000250718
-0.000251906
-0.000253112
-0.000254333
-0.000255566
-0.000256809
-0.000258059
-0.000259313
-0.000260569
-0.000261825
-0.000263078
-0.000264326
-0.000265567
-0.000266797
-0.000268014
-0.000269216
-0.000270399
-0.000271562
-0.000272701
-0.000273816
-0.000274903
-0.000275962
-0.000276992
-0.000277992
-0.000278963
-0.000279904
-0.000280817
-0.000281702
-0.00028256
-0.000283394
-0.000284205
-0.000284995
-0.000285765
-0.000286516
-0.000287252
-0.000287974
-0.000288682
-0.00028938
-0.000290068
-0.000290748
-0.000291422
-0.000292091
-0.000292756
-0.00029342
-0.000294084
-0.000294748
-0.000295415
-0.000296084
-0.000296758
-0.000297436
-0.000298119
-0.000298806
-0.000299499
-0.000300194
-0.000300893
-0.000301592
-0.000302292
-0.00030299
-0.000303685
-0.000304375
-0.00030506
-0.000305737
-0.000306406
-0.000307068
-0.000307722
-0.000308368
-0.000309007
-0.000309641
-0.000310271
-0.000310898
-0.000311524
-0.00031215
-0.000312779
-0.000313411
-0.000314048
-0.000314691
-0.000315341
-0.000315999
-0.000316664
-0.000317338
-0.00031802
-0.000318709
-0.000319404
-0.000320103
-0.000320806
-0.000321509
-0.000322211
-0.000322909
-0.0003236
-0.000324281
-0.00032491
-0.000325419
-0.000325817
-0.000326158
-0.000326475
-0.000326788
-0.000327113
-0.000327457
-0.000327826
-0.000328217
-0.000328627
-0.00032905
-0.000329479
-0.000329907
-0.000330325
-0.000330727
-0.000331106
-0.000331456
-0.000331773
-0.000332051
-0.000332288
-0.000332481
-0.000332627
-0.000332726
-0.000332775
-0.000332772
-0.000332718
-0.000332611
-0.00033245
-0.000332236
-0.000331968
-0.000331647
-0.000331273
-0.000330847
-0.000330372
-0.000329848
-0.00032928
-0.000328668
-0.000328017
-0.000327328
-0.000326616
-0.000325899
-0.000325174
-0.00032443
-0.000323665
-0.000322875
-0.000322062
-0.000321225
-0.000320365
-0.000319484
-0.000318585
-0.00031767
-0.000316745
-0.000315812
-0.000314877
-0.000313942
-0.000313014
-0.000312094
-0.000311188
-0.000310299
-0.000309429
-0.000308582
-0.000307759
-0.000306962
-0.000306193
-0.000305451
-0.000304739
-0.000304055
-0.0003034
-0.000302773
-0.000302175
-0.000301604
-0.00030106
-0.000300543
-0.000300053
-0.000299588
-0.000299149
-0.000298736
-0.000298348
-0.000297984
-0.000297645
-0.000297329
-0.000297036
-0.000296765
-0.000296514
-0.000296281
-0.000296066
-0.000295866
-0.00029568
-0.000295505
-0.00029534
-0.000295184
-0.000295034
-0.000294891
-0.000294753
-0.000294619
-0.00029449
-0.000294366
-0.000294247
-0.000294133
-0.000294025
-0.000293925
-0.000293833
-0.000293752
-0.000293682
-0.000293626
-0.000293585
-0.000293562
-0.000293557
-0.000293574
-0.000293613
-0.000293675
-0.000293763
-0.000293875
-0.000294013
-0.000294175
-0.000294363
-0.000294574
-0.000294807
-0.00029506
-0.000295333
-0.000295622
-0.000295925
-0.000296239
-0.000296563
-0.000296891
-0.000297223
-0.000297555
-0.000297884
-0.000298209
-0.000298527
-0.000298837
-0.000299138
-0.000299431
-0.000299715
-0.000299993
-0.000300266
-0.000300537
-0.000300808
-0.000301083
-0.000301364
-0.000301656
-0.000301961
-0.000302282
-0.000302623
-0.000302986
-0.000303374
-0.000303788
-0.00030423
-0.000304701
-0.000305202
-0.000305735
-0.000306298
-0.000306892
-0.000307517
-0.000308171
-0.000308853
-0.000309562
-0.000310296
-0.000311054
-0.000311835
-0.000312636
-0.000313456
-0.000314294
-0.00031515
-0.000316021
-0.000316907
-0.000317808
-0.000318723
-0.000319652
-0.000320595
-0.00032155
-0.000322519
-0.000323499
-0.000324492
-0.000325496
-0.000326511
-0.000327535
-0.000328569
-0.000329611
-0.000330659
-0.000331713
-0.00033277
-0.000333828
-0.000334887
-0.000335942
-0.000336992
-0.000338033
-0.000339065
-0.000340083
-0.000341086
-0.000342072
-0.000343039
-0.000343987
-0.000344914
-0.00034582
-0.000346705
-0.000347571
-0.000348417
-0.000349246
-0.000350049
-0.000350769
-0.000351355
-0.000351844
-0.000352298
-0.00035276
-0.000353265
-0.000353834
-0.000354484
-0.000355224
-0.000356055
-0.000356977
-0.000357984
-0.000359067
-0.000360218
-0.000361426
-0.000362679
-0.000363965
-0.000365271
-0.000366585
-0.000367897
-0.000369194
-0.000370465
-0.0003717
-0.000372889
-0.000374023
-0.000375093
-0.000376091
-0.00037701
-0.000377843
-0.000378584
-0.000379227
-0.000379768
-0.000380202
-0.000380527
-0.000380739
-0.000380838
-0.000380823
-0.000380693
-0.00038045
-0.000380071
-0.000379534
-0.000378861
-0.000378078
-0.000377196
-0.000376227
-0.00037518
-0.000374063
-0.000372884
-0.000371647
-0.000370359
-0.000369024
-0.000367647
-0.00036623
-0.000364778
-0.000363295
-0.000361783
-0.000360247
-0.000358688
-0.00035711
-0.000355516
-0.000353908
-0.000352288
-0.000350658
-0.00034902
-0.000347375
-0.000345724
-0.000344068
-0.000342409
-0.000340746
-0.000339082
-0.000337416
-0.00033575
-0.000334085
-0.000332423
-0.000330766
-0.000329115
-0.000327473
-0.000325842
-0.000324224
-0.000322623
-0.000321039
-0.000319477
-0.000317937
-0.000316423
-0.000314936
-0.000313479
-0.000312053
-0.000310661
-0.000309303
-0.000307982
-0.000306699
-0.000305455
-0.000304252
-0.000303091
-0.000301973
-0.000300898
-0.000299868
-0.000298882
-0.000297941
-0.000297044
-0.00029619
-0.000295376
-0.000294602
-0.000293865
-0.000293161
-0.000292488
-0.000291841
-0.000291217
-0.000290612
-0.000290023
-0.000289446
-0.000288879
-0.00028832
-0.000287767
-0.000287218
-0.000286675
-0.000286137
-0.000285604
-0.000285079
-0.000284563
-0.000284058
-0.000283566
-0.000283089
-0.00028263
-0.000282191
-0.000281774
-0.000281381
-0.000281015
-0.000280677
-0.00028037
-0.000280096
-0.000279856
-0.000279653
-0.000279488
-0.000279363
-0.00027928
-0.000279241
-0.000279247
-0.0002793
-0.000279399
-0.000279547
-0.000279742
-0.000279985
-0.000280276
-0.000280613
-0.000280995
-0.000281421
-0.00028189
-0.000282398
-0.000282945
-0.000283528
-0.000284145
-0.000284796
-0.000285477
-0.000286189
-0.000286928
-0.000287694
-0.000288486
-0.000289301
-0.00029014
-0.000290999
-0.000291878
-0.000292774
-0.000293686
-0.000294612
-0.000295548
-0.000296494
-0.000297447
-0.000298406
-0.000299368
-0.000300333
-0.000301298
-0.000302263
-0.000303227
-0.000304189
-0.000305149
-0.000306104
-0.000307056
-0.000308003
-0.000308944
-0.00030988
-0.00031081
-0.000311734
-0.000312652
-0.000313564
-0.000314471
-0.000315373
-0.000316273
-0.000317171
-0.000318069
-0.000318969
-0.000319871
-0.000320779
-0.000321694
-0.000322617
-0.00032355
-0.000324494
-0.000325451
-0.000326421
-0.000327409
-0.000328396
-0.000329332
-0.000330207
-0.000331062
-0.000331927
-0.000332823
-0.00033377
-0.000334778
-0.000335853
-0.000336998
-0.00033821
-0.000339485
-0.000340816
-0.000342196
-0.000343614
-0.00034506
-0.000346525
-0.000347998
-0.000349469
-0.000350927
-0.000352364
-0.00035377
-0.000355136
-0.000356456
-0.00035772
-0.000358921
-0.000360053
-0.000361109
-0.000362083
-0.000362969
-0.000363761
-0.000364455
-0.000365045
-0.000365528
-0.0003659
-0.000366158
-0.0003663
-0.000366322
-0.000366225
-0.000365969
-0.000365496
-0.000364821
-0.000363996
-0.000363053
-0.000362016
-0.000360903
-0.000359727
-0.000358496
-0.000357215
-0.000355886
-0.000354507
-0.000353079
-0.000351597
-0.000350061
-0.000348466
-0.000346812
-0.000345096
-0.000343317
-0.000341475
-0.000339571
-0.000337605
-0.000335578
-0.000333493
-0.000331353
-0.000329159
-0.000326916
-0.000324628
-0.000322297
-0.00031993
-0.000317529
-0.0003151
-0.000312647
-0.000310174
-0.000307686
-0.000305187
-0.000302682
-0.000300174
-0.000297666
-0.000295164
-0.000292669
-0.000290185
-0.000287716
-0.000285265
-0.000282835
-0.00028043
-0.000278052
-0.000275705
-0.000273391
-0.000271113
-0.000268874
-0.000266677
-0.000264524
-0.000262418
-0.000260361
-0.000258355
-0.000256405
-0.000254513
-0.00025268
-0.000250911
-0.000249207
-0.000247571
-0.000246003
-0.000244506
-0.000243079
-0.000241721
-0.000240432
-0.000239208
-0.000238048
-0.000236947
-0.000235902
-0.000234909
-0.000233963
-0.000233059
-0.000232194
-0.000231363
-0.000230562
-0.000229788
-0.000229037
-0.000228308
-0.000227597
-0.000226902
-0.000226221
-0.000225554
-0.000224898
-0.000224254
-0.00022362
-0.000222997
-0.000222385
-0.000221783
-0.000221192
-0.000220613
-0.000220046
-0.000219491
-0.00021895
-0.000218421
-0.000217904
-0.0002174
-0.000216906
-0.000216423
-0.00021595
-0.000215486
-0.00021503
-0.000214583
-0.000214145
-0.000213717
-0.0002133
-0.000212896
-0.000212507
-0.000212136
-0.000211787
-0.000211461
-0.000211163
-0.000210895
-0.000210662
-0.000210465
-0.000210309
-0.000210195
-0.000210126
-0.000210103
-0.00021013
-0.000210206
-0.000210332
-0.00021051
-0.000210737
-0.000211015
-0.000211342
-0.000211716
-0.000212136
-0.000212601
-0.000213108
-0.000213655
-0.000214242
-0.000214865
-0.000215524
-0.000216217
-0.000216943
-0.000217701
-0.00021849
-0.000219309
-0.000220158
-0.000221038
-0.000221946
-0.000222884
-0.000223852
-0.00022485
-0.000225879
-0.000226939
-0.000228031
-0.000229156
-0.000230315
-0.000231508
-0.000232734
-0.000233995
-0.000235289
-0.000236615
-0.000237972
-0.000239357
-0.000240768
-0.000242202
-0.000243665
-0.000245178
-0.000246748
-0.000248339
-0.000249913
-0.000251446
-0.000252923
-0.000254339
-0.000255692
-0.000256987
-0.000258228
-0.000259424
-0.000260582
-0.000261709
-0.000262812
-0.000263897
-0.000264968
-0.000266029
-0.000267081
-0.000268125
-0.000269159
-0.000270182
-0.000271189
-0.000272178
-0.000273142
-0.000274075
-0.00027497
-0.000275822
-0.000276622
-0.000277364
-0.00027804
-0.000278644
-0.000279169
-0.000279609
-0.000279961
-0.000280219
-0.00028038
-0.000280442
-0.000280403
-0.000280263
-0.000280014
-0.00027961
-0.000279002
-0.00027822
-0.000277311
-0.000276309
-0.000275243
-0.00027413
-0.000272986
-0.000271819
-0.000270633
-0.000269428
-0.000268204
-0.000266956
-0.000265681
-0.000264372
-0.000263023
-0.000261629
-0.000260182
-0.000258678
-0.000257111
-0.000255475
-0.000253767
-0.000251983
-0.000250118
-0.000248171
-0.000246139
-0.000244019
-0.000241812
-0.000239516
-0.000237131
-0.000234657
-0.000232094
-0.000229445
-0.000226712
-0.000223896
-0.000221001
-0.000218031
-0.000214989
-0.000211881
-0.00020871
-0.000205482
-0.000202203
-0.000198878
-0.000195512
-0.000192112
-0.000188683
-0.00018523
-0.000181759
-0.000178275
-0.000174783
-0.000171289
-0.000167797
-0.000164312
-0.000160837
-0.000157378
-0.000153938
-0.000150521
-0.00014713
-0.000143769
-0.000140441
-0.000137148
-0.000133894
-0.000130679
-0.000127508
-0.00012438
-0.000121298
-0.000118263
-0.000115276
-0.000112337
-0.000109448
-0.000106607
-0.000103817
-0.000101076
-9.83857e-05
-9.57462e-05
-9.3158e-05
-9.06218e-05
-8.81384e-05
-8.57088e-05
-8.33341e-05
-8.10155e-05
-7.87545e-05
-7.65525e-05
-7.44109e-05
-7.23313e-05
-7.03151e-05
-6.83639e-05
-6.6479e-05
-6.46619e-05
-6.29138e-05
-6.12359e-05
-5.96294e-05
-5.80952e-05
-5.66344e-05
-5.52477e-05
-5.39358e-05
-5.26993e-05
-5.15386e-05
-5.04541e-05
-4.94458e-05
-4.85138e-05
-4.76579e-05
-4.68778e-05
-4.6173e-05
-4.5543e-05
-4.49868e-05
-4.45038e-05
-4.40929e-05
-4.37531e-05
-4.34835e-05
-4.3283e-05
-4.31507e-05
-4.30857e-05
-4.30874e-05
-4.3155e-05
-4.32881e-05
-4.34864e-05
-4.37495e-05
-4.40772e-05
-4.44695e-05
-4.49261e-05
-4.54469e-05
-4.60319e-05
-4.66806e-05
-4.73928e-05
-4.81681e-05
-4.90058e-05
-4.99055e-05
-5.08664e-05
-5.18877e-05
-5.29686e-05
-5.41083e-05
-5.5306e-05
-5.65608e-05
-5.7872e-05
-5.92389e-05
-6.06609e-05
-6.21373e-05
-6.36675e-05
-6.5251e-05
-6.6887e-05
-6.8575e-05
-7.03141e-05
-7.21035e-05
-7.3942e-05
-7.58285e-05
-7.77616e-05
-7.97397e-05
-8.17611e-05
-8.3824e-05
-8.59265e-05
-8.80665e-05
-9.02421e-05
-9.24512e-05
-9.46919e-05
-9.69623e-05
-9.92607e-05
-0.000101585
-0.000103935
-0.000106313
-0.000108738
-0.00011122
-0.000113745
-0.000116291
-0.000118848
-0.000121409
-0.00012397
-0.000126529
-0.000129086
-0.000131641
-0.000134194
-0.000136745
-0.000139294
-0.00014184
-0.000144381
-0.000146914
-0.000149437
-0.000151946
-0.000154439
-0.00015691
-0.000159358
-0.000161778
-0.000164168
-0.000166523
-0.000168842
-0.000171122
-0.000173363
-0.000175562
-0.000177718
-0.000179832
-0.000181903
-0.00018393
-0.000185914
-0.000187855
-0.000189753
-0.000191608
-0.00019342
-0.000195191
-0.00019692
-0.000198617
-0.000200279
-0.00020186
-0.000203334
-0.000204715
-0.000206015
-0.000207244
-0.000208409
-0.000209516
-0.000210568
-0.000211568
-0.000212515
-0.000213408
-0.000214246
-0.000215025
-0.000215743
-0.000216396
-0.00021698
-0.000217492
-0.000217928
-0.000218284
-0.000218558
-0.000218746
-0.000218845
-0.000218854
-0.000218769
-0.000218588
-0.00021831
-0.000217931
-0.00021745
-0.000216866
-0.000216177
-0.000215383
-0.000214481
-0.000213472
-0.000212357
-0.000211135
-0.000209807
-0.000208375
-0.000206842
-0.000205208
-0.000203477
-0.000201651
-0.000199734
-0.000197729
-0.000195639
-0.000193468
-0.000191219
-0.000188895
-0.000186501
-0.00018404
-0.000181515
-0.00017893
-0.000176288
-0.000173591
-0.000170844
-0.000168048
-0.000165207
-0.000162324
-0.000159401
-0.00015644
-0.000153444
-0.000150417
-0.00014736
-0.000144277
-0.000141171
-0.000138046
-0.000134904
-0.000131749
-0.000128586
-0.000125417
-0.000122247
-0.000119079
-0.000115917
-0.000112763
-0.000109621
-0.000106494
-0.000103384
-0.000100294
-9.72243e-05
-9.41783e-05
-9.11571e-05
-8.81623e-05
-8.5195e-05
-8.22563e-05
-7.93471e-05
-7.64679e-05
-7.36195e-05
-7.08021e-05
-6.80162e-05
-6.52623e-05
-6.25409e-05
-5.98528e-05
-5.71991e-05
-5.45812e-05
-5.20012e-05
-4.94615e-05
-4.69652e-05
-4.45156e-05
-4.21163e-05
-3.97714e-05
-3.74846e-05
-3.52599e-05
-3.3101e-05
-3.10111e-05
-2.89928e-05
-2.70484e-05
-2.51793e-05
-2.33864e-05
-2.167e-05
-2.00301e-05
-1.8466e-05
-1.69766e-05
-1.55608e-05
-1.4217e-05
-1.29437e-05
-1.17392e-05
-1.06019e-05
-9.53036e-06
-8.52307e-06
-7.57876e-06
-6.69634e-06
-5.87489e-06
-5.11377e-06
-4.41263e-06
-3.77141e-06
-3.19036e-06
-2.66993e-06
-2.21079e-06
-1.81373e-06
-1.47961e-06
-1.20927e-06
-1.00346e-06
-8.62726e-07
-7.8728e-07
-7.76971e-07
-8.31249e-07
-9.49183e-07
-1.1295e-06
-1.37063e-06
-1.67077e-06
-2.02799e-06
-2.44026e-06
-2.90561e-06
-3.42221e-06
-3.98844e-06
-4.60293e-06
-5.26459e-06
-5.9726e-06
-6.7264e-06
-7.52568e-06
-8.37035e-06
-9.26049e-06
-1.01963e-05
-1.11782e-05
-1.22065e-05
-1.32817e-05
-1.44043e-05
-1.55747e-05
-1.67933e-05
-1.80605e-05
-1.93764e-05
-2.07414e-05
-2.21554e-05
-2.36185e-05
-2.51304e-05
-2.66908e-05
-2.82993e-05
-2.99552e-05
-3.16579e-05
-3.34064e-05
-3.51996e-05
-3.70362e-05
-3.89147e-05
-4.08334e-05
-4.27903e-05
-4.47833e-05
-4.68099e-05
-4.88676e-05
-5.09537e-05
-5.30654e-05
-5.51999e-05
-5.73544e-05
-5.95261e-05
-6.17127e-05
-6.39116e-05
-6.61209e-05
-6.83388e-05
-7.05635e-05
-7.27937e-05
-7.50279e-05
-7.7265e-05
-7.95036e-05
-8.17425e-05
-8.398e-05
-8.62144e-05
-8.84436e-05
-9.06653e-05
-9.2877e-05
-9.50759e-05
-9.72713e-05
-9.9494e-05
-0.000101754
-0.000104012
-0.000106215
-0.00010833
-0.000110331
-0.000112203
-0.000113938
-0.000115531
-0.000116984
-0.000118298
-0.000119478
-0.000120528
-0.000121455
-0.000122264
-0.000122959
-0.000123546
-0.000124028
-0.000124409
-0.000124691
-0.000124876
-0.000124967
-0.000124964
-0.000124868
-0.000124681
-0.000124401
-0.000124031
-0.00012357
-0.000123019
-0.000122377
-0.000121645
-0.000120825
-0.000119915
-0.000118918
-0.000117834
-0.000116664
-0.000115409
-0.000114071
-0.000112652
-0.000111154
-0.000109577
-0.000107924
-0.000106198
-0.000104399
-0.00010253
-0.000100593
-9.85893e-05
-9.65213e-05
-9.43906e-05
-9.2199e-05
-8.99482e-05
-8.76399e-05
-8.5276e-05
-8.28582e-05
-8.03886e-05
-7.7869e-05
-7.53016e-05
-7.26884e-05
-7.00318e-05
-6.73338e-05
-6.45969e-05
-6.18234e-05
-5.90158e-05
-5.61763e-05
-5.33073e-05
-5.04113e-05
-4.74906e-05
-4.45474e-05
-4.15842e-05
-3.86031e-05
-3.56064e-05
-3.25964e-05
-2.95754e-05
-2.65456e-05
-2.35092e-05
-2.04686e-05
-1.7426e-05
-1.43837e-05
-1.1344e-05
-8.30922e-06
-5.28164e-06
-2.26354e-06
7.42783e-07
3.73508e-06
6.71109e-06
9.66862e-06
1.26055e-05
1.55195e-05
1.84085e-05
2.12704e-05
2.41031e-05
2.69047e-05
2.9673e-05
3.24061e-05
3.5102e-05
3.77587e-05
4.03743e-05
4.29467e-05
4.54742e-05
4.79548e-05
5.03868e-05
5.27682e-05
5.50975e-05
5.7373e-05
5.95933e-05
6.1757e-05
6.38629e-05
6.59098e-05
6.78967e-05
6.98228e-05
7.16872e-05
7.34891e-05
7.52279e-05
7.69027e-05
7.85129e-05
8.00578e-05
8.15364e-05
8.29481e-05
8.4292e-05
8.55673e-05
8.67732e-05
8.79088e-05
8.89735e-05
8.99665e-05
9.08873e-05
9.17352e-05
9.25099e-05
9.3211e-05
9.38382e-05
9.43912e-05
9.48701e-05
9.52747e-05
9.5605e-05
9.58613e-05
9.60437e-05
9.61524e-05
9.61879e-05
9.61504e-05
9.60405e-05
9.58587e-05
9.56056e-05
9.52818e-05
9.48881e-05
9.4425e-05
9.38934e-05
9.3294e-05
9.26275e-05
9.18948e-05
9.10967e-05
9.0234e-05
8.93075e-05
8.83182e-05
8.7267e-05
8.61549e-05
8.4983e-05
8.37523e-05
8.2464e-05
8.11193e-05
7.97195e-05
7.82659e-05
7.67599e-05
7.52027e-05
7.3596e-05
7.1941e-05
7.02395e-05
6.84928e-05
6.67025e-05
6.48703e-05
6.29977e-05
6.10863e-05
5.91379e-05
5.7154e-05
5.51364e-05
5.30867e-05
5.10066e-05
4.88977e-05
4.67617e-05
4.46002e-05
4.24149e-05
4.02074e-05
3.79793e-05
3.57323e-05
3.3468e-05
3.11882e-05
2.88947e-05
2.65892e-05
2.42736e-05
2.19498e-05
1.96197e-05
1.72854e-05
1.49489e-05
1.2612e-05
1.02769e-05
7.94531e-06
5.61921e-06
3.30036e-06
9.90448e-07
-1.30888e-06
-3.59606e-06
-5.87551e-06
-8.16444e-06
-1.04738e-05
-1.2789e-05
-1.50897e-05
-1.73648e-05
-1.96065e-05
-2.18103e-05
-2.39741e-05
-2.60968e-05
-2.81784e-05
-3.02189e-05
-3.2219e-05
-3.41788e-05
-3.60986e-05
-3.79785e-05
-3.98184e-05
-4.16178e-05
-4.33764e-05
-4.50934e-05
-4.67682e-05
-4.83999e-05
-4.99876e-05
-5.15304e-05
-5.30275e-05
-5.44778e-05
-5.58806e-05
-5.72349e-05
-5.85399e-05
-5.97948e-05
-6.09988e-05
-6.21512e-05
-6.32514e-05
-6.42987e-05
-6.52925e-05
-6.62324e-05
-6.71179e-05
-6.79484e-05
-6.87237e-05
-6.94435e-05
-7.01073e-05
-7.0715e-05
-7.12664e-05
-7.17613e-05
-7.21996e-05
-7.25812e-05
-7.29061e-05
-7.31744e-05
-7.33861e-05
-7.35412e-05
-7.36401e-05
-7.36827e-05
-7.36694e-05
-7.36004e-05
-7.34761e-05
-7.32967e-05
-7.30628e-05
-7.27746e-05
-7.24328e-05
-7.20377e-05
-7.159e-05
-7.10901e-05
-7.05388e-05
-6.99367e-05
-6.92845e-05
-6.85829e-05
-6.78326e-05
-6.70345e-05
-6.61894e-05
-6.52981e-05
-6.43616e-05
-6.33807e-05
-6.23564e-05
-6.12896e-05
-6.01815e-05
-5.90329e-05
-5.7845e-05
-5.66188e-05
-5.53555e-05
-5.40561e-05
-5.27218e-05
-5.13539e-05
-4.99534e-05
-4.85217e-05
-4.70598e-05
-4.55691e-05
-4.40509e-05
-4.25063e-05
-4.09368e-05
-3.93435e-05
-3.77279e-05
-3.60912e-05
-3.44347e-05
-3.27599e-05
-3.10681e-05
-2.93606e-05
-2.76388e-05
-2.59041e-05
-2.41578e-05
-2.24013e-05
-2.06361e-05
-1.88633e-05
-1.70846e-05
-1.53011e-05
-1.35144e-05
-1.17257e-05
-9.93639e-06
-8.14789e-06
-6.36151e-06
-4.57859e-06
-2.80048e-06
-1.02848e-06
7.36071e-07
2.49189e-06
4.23769e-06
5.97218e-06
7.69412e-06
9.40226e-06
1.10954e-05
1.27722e-05
1.44317e-05
1.60725e-05
1.76935e-05
1.92937e-05
2.08718e-05
2.24268e-05
2.39577e-05
2.54633e-05
2.69427e-05
2.83949e-05
2.98188e-05
3.12136e-05
3.25783e-05
3.3912e-05
3.52139e-05
3.64831e-05
3.77188e-05
3.89202e-05
4.00867e-05
4.12174e-05
4.23117e-05
4.33689e-05
4.43883e-05
4.53695e-05
4.63118e-05
4.72147e-05
4.80777e-05
4.89003e-05
4.96821e-05
5.04227e-05
5.11217e-05
5.17788e-05
5.23937e-05
5.2966e-05
5.34957e-05
5.39824e-05
5.4426e-05
5.48264e-05
5.51835e-05
5.54971e-05
5.57673e-05
5.59941e-05
5.61774e-05
5.63174e-05
5.64141e-05
5.64677e-05
5.64784e-05
5.64462e-05
5.63715e-05
5.62545e-05
5.60954e-05
5.58947e-05
5.56526e-05
5.53695e-05
5.50458e-05
5.4682e-05
5.42785e-05
5.38358e-05
5.33544e-05
5.28349e-05
5.22778e-05
5.16838e-05
5.10534e-05
5.03873e-05
4.96861e-05
4.89506e-05
4.81815e-05
4.73795e-05
4.65454e-05
4.56799e-05
4.47838e-05
4.38581e-05
4.29034e-05
4.19207e-05
4.09108e-05
3.98747e-05
3.88132e-05
3.77273e-05
3.66178e-05
3.54858e-05
3.43322e-05
3.31579e-05
3.1964e-05
3.07515e-05
2.95213e-05
2.82744e-05
2.7012e-05
2.5735e-05
2.44444e-05
2.31413e-05
2.18267e-05
2.05018e-05
1.91674e-05
1.78247e-05
1.64748e-05
1.51186e-05
1.37574e-05
1.2392e-05
1.10235e-05
9.65306e-06
8.28167e-06
6.91036e-06
5.54019e-06
4.17217e-06
2.80733e-06
1.4467e-06
9.1274e-08
-1.25794e-06
-2.59994e-06
-3.93376e-06
-5.25842e-06
-6.57296e-06
-7.87644e-06
-9.16791e-06
-1.04465e-05
-1.17112e-05
-1.29612e-05
-1.41956e-05
-1.54135e-05
-1.66142e-05
-1.77967e-05
-1.89602e-05
-2.0104e-05
-2.12274e-05
-2.23294e-05
-2.34094e-05
-2.44667e-05
-2.55007e-05
-2.65105e-05
-2.74956e-05
-2.84553e-05
-2.9389e-05
-3.02962e-05
-3.11762e-05
-3.20286e-05
-3.28528e-05
-3.36483e-05
-3.44147e-05
-3.51515e-05
-3.58583e-05
-3.65346e-05
-3.71802e-05
-3.77947e-05
-3.83777e-05
-3.8929e-05
-3.94483e-05
-3.99353e-05
-4.03899e-05
-4.08118e-05
-4.12008e-05
-4.15569e-05
-4.18799e-05
-4.21697e-05
-4.24263e-05
-4.26495e-05
-4.28395e-05
-4.29962e-05
-4.31196e-05
-4.32098e-05
-4.32669e-05
-4.3291e-05
-4.32822e-05
-4.32408e-05
-4.31668e-05
-4.30605e-05
-4.29221e-05
-4.27519e-05
-4.25501e-05
-4.2317e-05
-4.20531e-05
-4.17585e-05
-4.14337e-05
-4.1079e-05
-4.06949e-05
-4.02819e-05
-3.98402e-05
-3.93704e-05
-3.88731e-05
-3.83486e-05
-3.77976e-05
-3.72205e-05
-3.66179e-05
-3.59904e-05
-3.53386e-05
-3.4663e-05
-3.39644e-05
-3.32433e-05
-3.25004e-05
-3.17364e-05
-3.09519e-05
-3.01476e-05
-2.93242e-05
-2.84825e-05
-2.76231e-05
-2.67467e-05
-2.58543e-05
-2.49463e-05
-2.40238e-05
-2.30873e-05
-2.21377e-05
-2.11757e-05
-2.02022e-05
-1.92179e-05
-1.82236e-05
-1.72202e-05
-1.62083e-05
-1.51889e-05
-1.41628e-05
-1.31306e-05
-1.20934e-05
-1.10517e-05
-1.00066e-05
-8.95869e-06
-7.90889e-06
-6.85796e-06
-5.80672e-06
-4.75596e-06
-3.70646e-06
-2.65903e-06
-1.61444e-06
-5.7347e-07
4.6311e-07
1.49454e-06
2.52005e-06
3.5389e-06
4.55036e-06
5.55368e-06
6.54816e-06
7.53306e-06
8.50771e-06
9.4714e-06
1.04235e-05
1.13632e-05
1.229e-05
1.32032e-05
1.41022e-05
1.49864e-05
1.58551e-05
1.67078e-05
1.75439e-05
1.83629e-05
1.91641e-05
1.99472e-05
2.07115e-05
2.14566e-05
2.2182e-05
2.28873e-05
2.3572e-05
2.42357e-05
2.4878e-05
2.54985e-05
2.60968e-05
2.66726e-05
2.72255e-05
2.77553e-05
2.82617e-05
2.87443e-05
2.92029e-05
2.96373e-05
3.00472e-05
3.04325e-05
3.07931e-05
3.11286e-05
3.1439e-05
3.17242e-05
3.19841e-05
3.22186e-05
3.24276e-05
3.26112e-05
3.27691e-05
3.29016e-05
3.30086e-05
3.30901e-05
3.31461e-05
3.31769e-05
3.31824e-05
3.31627e-05
3.31181e-05
3.30486e-05
3.29544e-05
3.28358e-05
3.26928e-05
3.25258e-05
3.23349e-05
3.21205e-05
3.18827e-05
3.16219e-05
3.13384e-05
3.10325e-05
3.07046e-05
3.03549e-05
2.99839e-05
2.95919e-05
2.91794e-05
2.87467e-05
2.82942e-05
2.78225e-05
2.73318e-05
2.68228e-05
2.62958e-05
2.57514e-05
2.519e-05
2.46122e-05
2.40184e-05
2.34092e-05
2.27851e-05
2.21466e-05
2.14944e-05
2.08289e-05
2.01508e-05
1.94605e-05
1.87587e-05
1.8046e-05
1.7323e-05
1.65901e-05
1.58481e-05
1.50976e-05
1.43391e-05
1.35733e-05
1.28008e-05
1.20222e-05
1.1238e-05
1.0449e-05
9.6558e-06
8.85893e-06
8.05905e-06
7.25678e-06
6.45274e-06
5.64754e-06
4.8418e-06
4.03613e-06
3.23114e-06
2.42744e-06
1.62563e-06
8.26299e-07
3.00512e-08
-7.62529e-07
-1.55086e-06
-2.33436e-06
-3.11247e-06
-3.88461e-06
-4.65024e-06
-5.4088e-06
-6.15975e-06
-6.90256e-06
-7.63671e-06
-8.36167e-06
-9.07695e-06
-9.78205e-06
-1.04765e-05
-1.11598e-05
-1.18314e-05
-1.2491e-05
-1.31381e-05
-1.37723e-05
-1.43931e-05
-1.50001e-05
-1.5593e-05
-1.61713e-05
-1.67347e-05
-1.72829e-05
-1.78154e-05
-1.8332e-05
-1.88323e-05
-1.9316e-05
-1.97829e-05
-2.02327e-05
-2.0665e-05
-2.10798e-05
-2.14766e-05
-2.18554e-05
-2.22158e-05
-2.25578e-05
-2.28812e-05
-2.31857e-05
-2.34713e-05
-2.37378e-05
-2.39851e-05
-2.42131e-05
-2.44217e-05
-2.46109e-05
-2.47806e-05
-2.49308e-05
-2.50613e-05
-2.51724e-05
-2.52638e-05
-2.53358e-05
-2.53882e-05
-2.54212e-05
-2.54348e-05
-2.5429e-05
-2.54041e-05
-2.53601e-05
-2.52971e-05
-2.52152e-05
-2.51146e-05
-2.49955e-05
-2.48581e-05
-2.47024e-05
-2.45288e-05
-2.43375e-05
-2.41286e-05
-2.39024e-05
-2.36592e-05
-2.33992e-05
-2.31228e-05
-2.28301e-05
-2.25215e-05
-2.21973e-05
-2.18577e-05
-2.15033e-05
-2.11342e-05
-2.07508e-05
-2.03535e-05
-1.99426e-05
-1.95186e-05
-1.90817e-05
-1.86325e-05
-1.81712e-05
-1.76983e-05
-1.72142e-05
-1.67194e-05
-1.62142e-05
-1.5699e-05
-1.51744e-05
-1.46407e-05
-1.40984e-05
-1.3548e-05
-1.29898e-05
-1.24244e-05
-1.18523e-05
-1.12738e-05
-1.06895e-05
-1.00998e-05
-9.50514e-06
-8.90608e-06
-8.30307e-06
-7.69657e-06
-7.08706e-06
-6.475e-06
-5.86089e-06
-5.24519e-06
-4.62837e-06
-4.01091e-06
-3.39328e-06
-2.77595e-06
-2.15937e-06
-1.54402e-06
-9.30349e-07
-3.1882e-07
2.90115e-07
8.96009e-07
1.49842e-06
2.0969e-06
2.69102e-06
3.28035e-06
3.86447e-06
4.44296e-06
5.0154e-06
5.5814e-06
6.14055e-06
6.69247e-06
7.23676e-06
7.77305e-06
8.30098e-06
8.82018e-06
9.3303e-06
9.831e-06
1.03219e-05
1.08028e-05
1.12732e-05
1.1733e-05
1.21817e-05
1.26192e-05
1.3045e-05
1.3459e-05
1.3861e-05
1.42505e-05
1.46275e-05
1.49917e-05
1.53428e-05
1.56807e-05
1.60052e-05
1.6316e-05
1.66131e-05
1.68962e-05
1.71653e-05
1.742e-05
1.76605e-05
1.78864e-05
1.80978e-05
1.82945e-05
1.84765e-05
1.86436e-05
1.87958e-05
1.89332e-05
1.90555e-05
1.91629e-05
1.92553e-05
1.93327e-05
1.93951e-05
1.94425e-05
1.9475e-05
1.94926e-05
1.94954e-05
1.94834e-05
1.94568e-05
1.94155e-05
1.93598e-05
1.92896e-05
1.92052e-05
1.91067e-05
1.89941e-05
1.88677e-05
1.87276e-05
1.8574e-05
1.8407e-05
1.82269e-05
1.80339e-05
1.78281e-05
1.76097e-05
1.73791e-05
1.71363e-05
1.68817e-05
1.66156e-05
1.63381e-05
1.60495e-05
1.57501e-05
1.54402e-05
1.512e-05
1.47899e-05
1.44501e-05
1.4101e-05
1.37428e-05
1.33758e-05
1.30005e-05
1.26171e-05
1.22258e-05
1.18272e-05
1.14215e-05
1.10089e-05
1.059e-05
1.0165e-05
9.73429e-06
9.2982e-06
8.8571e-06
8.41134e-06
7.96129e-06
7.50729e-06
7.04972e-06
6.58894e-06
6.1253e-06
5.65918e-06
5.19094e-06
4.72094e-06
4.24955e-06
3.77713e-06
3.30404e-06
2.83064e-06
2.3573e-06
1.88436e-06
1.41219e-06
9.41143e-07
4.71565e-07
3.80714e-09
-4.61786e-07
-9.24872e-07
-1.38511e-06
-1.84217e-06
-2.29572e-06
-2.74543e-06
-3.19097e-06
-3.63204e-06
-4.06831e-06
-4.49949e-06
-4.92526e-06
-5.34533e-06
-5.75942e-06
-6.16722e-06
-6.56847e-06
-6.96289e-06
-7.35021e-06
-7.73018e-06
-8.10254e-06
-8.46704e-06
-8.82344e-06
-9.17152e-06
-9.51105e-06
-9.8418e-06
-1.01636e-05
-1.04762e-05
-1.07794e-05
-1.10731e-05
-1.1357e-05
-1.1631e-05
-1.18949e-05
-1.21486e-05
-1.2392e-05
-1.26248e-05
-1.28471e-05
-1.30585e-05
-1.32591e-05
-1.34488e-05
-1.36274e-05
-1.37948e-05
-1.39511e-05
-1.4096e-05
-1.42296e-05
-1.43519e-05
-1.44627e-05
-1.45621e-05
-1.46499e-05
-1.47263e-05
-1.47912e-05
-1.48446e-05
-1.48865e-05
-1.4917e-05
-1.4936e-05
-1.49437e-05
-1.494e-05
-1.4925e-05
-1.48988e-05
-1.48614e-05
-1.4813e-05
-1.47536e-05
-1.46833e-05
-1.46022e-05
-1.45105e-05
-1.44082e-05
-1.42954e-05
-1.41724e-05
-1.40392e-05
-1.3896e-05
-1.3743e-05
-1.35803e-05
-1.3408e-05
-1.32265e-05
-1.30357e-05
-1.2836e-05
-1.26274e-05
-1.24103e-05
-1.21848e-05
-1.19512e-05
-1.17096e-05
-1.14602e-05
-1.12033e-05
-1.09392e-05
-1.06679e-05
-1.03899e-05
-1.01053e-05
-9.81437e-06
-9.51736e-06
-9.21453e-06
-8.90613e-06
-8.59242e-06
-8.27367e-06
-7.95013e-06
-7.62207e-06
-7.28977e-06
-6.9535e-06
-6.61352e-06
-6.27011e-06
-5.92355e-06
-5.57412e-06
-5.22209e-06
-4.86773e-06
-4.51134e-06
-4.15319e-06
-3.79355e-06
-3.43271e-06
-3.07095e-06
-2.70854e-06
-2.34576e-06
-1.98288e-06
-1.62019e-06
-1.25795e-06
-8.96439e-07
-5.35926e-07
-1.76678e-07
1.81039e-07
5.36961e-07
8.90827e-07
1.24238e-06
1.59136e-06
1.93752e-06
2.28061e-06
2.62039e-06
2.95661e-06
3.28903e-06
3.61742e-06
3.94156e-06
4.26121e-06
4.57615e-06
4.88618e-06
5.19107e-06
5.49061e-06
5.78462e-06
6.07289e-06
6.35522e-06
6.63144e-06
6.90136e-06
7.16481e-06
7.42162e-06
7.67162e-06
7.91466e-06
8.15059e-06
8.37925e-06
8.60051e-06
8.81425e-06
9.02032e-06
9.21861e-06
9.40901e-06
9.59141e-06
9.7657e-06
9.9318e-06
1.00896e-05
1.02391e-05
1.03801e-05
1.05126e-05
1.06365e-05
1.07518e-05
1.08585e-05
1.09564e-05
1.10456e-05
1.1126e-05
1.11976e-05
1.12605e-05
1.13145e-05
1.13597e-05
1.13961e-05
1.14237e-05
1.14425e-05
1.14526e-05
1.1454e-05
1.14467e-05
1.14308e-05
1.14063e-05
1.13733e-05
1.13318e-05
1.1282e-05
1.12238e-05
1.11575e-05
1.1083e-05
1.10004e-05
1.09099e-05
1.08116e-05
1.07056e-05
1.05919e-05
1.04708e-05
1.03423e-05
1.02065e-05
1.00637e-05
9.91394e-06
9.75735e-06
9.59412e-06
9.42437e-06
9.24829e-06
9.06602e-06
8.87774e-06
8.68362e-06
8.48382e-06
8.27853e-06
8.06793e-06
7.8522e-06
7.63153e-06
7.40611e-06
7.17613e-06
6.94179e-06
6.70328e-06
6.4608e-06
6.21456e-06
5.96476e-06
5.7116e-06
5.4553e-06
5.19606e-06
4.93408e-06
4.66959e-06
4.40279e-06
4.1339e-06
3.86312e-06
3.59068e-06
3.31678e-06
3.04164e-06
2.76548e-06
2.4885e-06
2.21092e-06
1.93296e-06
1.65483e-06
1.37673e-06
1.09888e-06
8.2148e-07
5.44748e-07
2.68887e-07
-5.8986e-09
-2.79406e-07
-5.51435e-07
-8.21786e-07
-1.09026e-06
-1.35667e-06
-1.62082e-06
-1.88251e-06
-2.14157e-06
-2.39781e-06
-2.65104e-06
-2.9011e-06
-3.1478e-06
-3.39098e-06
-3.63046e-06
-3.86609e-06
-4.0977e-06
-4.32514e-06
-4.54825e-06
-4.76688e-06
-4.9809e-06
-5.19015e-06
-5.39451e-06
-5.59384e-06
-5.78801e-06
-5.97691e-06
-6.1604e-06
-6.33839e-06
-6.51075e-06
-6.67739e-06
-6.83821e-06
-6.9931e-06
-7.14199e-06
-7.28478e-06
-7.4214e-06
-7.55178e-06
-7.67583e-06
-7.7935e-06
-7.90473e-06
-8.00947e-06
-8.10765e-06
-8.19925e-06
-8.28422e-06
-8.36253e-06
-8.43415e-06
-8.49906e-06
-8.55723e-06
-8.60866e-06
-8.65334e-06
-8.69127e-06
-8.72244e-06
-8.74687e-06
-8.76457e-06
-8.77555e-06
-8.77985e-06
-8.77748e-06
-8.76848e-06
-8.75289e-06
-8.73075e-06
-8.7021e-06
-8.66701e-06
-8.62552e-06
-8.5777e-06
-8.5236e-06
-8.46331e-06
-8.3969e-06
-8.32444e-06
-8.24602e-06
-8.16172e-06
-8.07164e-06
-7.97587e-06
-7.8745e-06
-7.76765e-06
-7.65542e-06
-7.53792e-06
-7.41526e-06
-7.28755e-06
-7.15492e-06
-7.0175e-06
-6.8754e-06
-6.72876e-06
-6.57771e-06
-6.42238e-06
-6.26291e-06
-6.09944e-06
-5.93212e-06
-5.76108e-06
-5.58648e-06
-5.40846e-06
-5.22717e-06
-5.04277e-06
-4.8554e-06
-4.66523e-06
-4.47242e-06
-4.27711e-06
-4.07947e-06
-3.87966e-06
-3.67785e-06
-3.47418e-06
-3.26883e-06
-3.06196e-06
-2.85373e-06
-2.64431e-06
-2.43385e-06
-2.22253e-06
-2.01051e-06
-1.79795e-06
-1.58502e-06
-1.37187e-06
-1.15867e-06
-9.45585e-07
-7.32771e-07
-5.20389e-07
-3.08597e-07
-9.75535e-08
1.12586e-07
3.21666e-07
5.29534e-07
7.36037e-07
9.41027e-07
1.14435e-06
1.34587e-06
1.54544e-06
1.74291e-06
1.93815e-06
2.13102e-06
2.32138e-06
2.50911e-06
2.69406e-06
2.87612e-06
3.05516e-06
3.23106e-06
3.4037e-06
3.57296e-06
3.73873e-06
3.90091e-06
4.05939e-06
4.21406e-06
4.36482e-06
4.51158e-06
4.65425e-06
4.79274e-06
4.92696e-06
5.05682e-06
5.18227e-06
5.3032e-06
5.41957e-06
5.5313e-06
5.63832e-06
5.74058e-06
5.83802e-06
5.9306e-06
6.01826e-06
6.10096e-06
6.17866e-06
6.25132e-06
6.31892e-06
6.38143e-06
6.43881e-06
6.49106e-06
6.53816e-06
6.58009e-06
6.61685e-06
6.64843e-06
6.67483e-06
6.69606e-06
6.71213e-06
6.72305e-06
6.72882e-06
6.72948e-06
6.72505e-06
6.71554e-06
6.70101e-06
6.68146e-06
6.65696e-06
6.62753e-06
6.59322e-06
6.55408e-06
6.51017e-06
6.46153e-06
6.40823e-06
6.35033e-06
6.28789e-06
6.22098e-06
6.14968e-06
6.07406e-06
5.99419e-06
5.91015e-06
5.82203e-06
5.72992e-06
5.6339e-06
5.53406e-06
5.4305e-06
5.3233e-06
5.21258e-06
5.09842e-06
4.98094e-06
4.86023e-06
4.73641e-06
4.60958e-06
4.47984e-06
4.34732e-06
4.21212e-06
4.07437e-06
3.93416e-06
3.79164e-06
3.6469e-06
3.50007e-06
3.35128e-06
3.20064e-06
3.04828e-06
2.89432e-06
2.73888e-06
2.58209e-06
2.42407e-06
2.26495e-06
2.10486e-06
1.94391e-06
1.78224e-06
1.61997e-06
1.45723e-06
1.29414e-06
1.13082e-06
9.67406e-07
8.04018e-07
6.40779e-07
4.77811e-07
3.15238e-07
1.53179e-07
-8.24469e-09
-1.68914e-07
-3.28711e-07
-4.87518e-07
-6.45221e-07
-8.01704e-07
-9.56856e-07
-1.11056e-06
-1.26272e-06
-1.41322e-06
-1.56194e-06
-1.7088e-06
-1.85369e-06
-1.9965e-06
-2.13713e-06
-2.2755e-06
-2.41151e-06
-2.54506e-06
-2.67607e-06
-2.80444e-06
-2.9301e-06
-3.05296e-06
-3.17294e-06
-3.28996e-06
-3.40395e-06
-3.51484e-06
-3.62255e-06
-3.72703e-06
-3.8282e-06
-3.926e-06
-4.02038e-06
-4.11128e-06
-4.19865e-06
-4.28244e-06
-4.3626e-06
-4.43909e-06
-4.51186e-06
-4.58089e-06
-4.64613e-06
-4.70755e-06
-4.76512e-06
-4.81882e-06
-4.86863e-06
-4.91452e-06
-4.95648e-06
-4.9945e-06
-5.02856e-06
-5.05866e-06
-5.08479e-06
-5.10696e-06
-5.12515e-06
-5.13939e-06
-5.14967e-06
-5.15601e-06
-5.15841e-06
-5.15691e-06
-5.1515e-06
-5.14223e-06
-5.12911e-06
-5.11217e-06
-5.09143e-06
-5.06695e-06
-5.03874e-06
-5.00685e-06
-4.97132e-06
-4.93219e-06
-4.88952e-06
-4.84334e-06
-4.79371e-06
-4.74068e-06
-4.68432e-06
-4.62467e-06
-4.5618e-06
-4.49576e-06
-4.42664e-06
-4.35448e-06
-4.27936e-06
-4.20136e-06
-4.12053e-06
-4.03697e-06
-3.95073e-06
-3.86191e-06
-3.77058e-06
-3.67681e-06
-3.5807e-06
-3.48233e-06
-3.38178e-06
-3.27913e-06
-3.17448e-06
-3.06792e-06
-2.95952e-06
-2.84939e-06
-2.73761e-06
-2.62428e-06
-2.50949e-06
-2.39334e-06
-2.27591e-06
-2.1573e-06
-2.03761e-06
-1.91693e-06
-1.79537e-06
-1.673e-06
-1.54994e-06
-1.42628e-06
-1.30211e-06
-1.17753e-06
-1.05264e-06
-9.27526e-07
-8.02294e-07
-6.77035e-07
-5.51844e-07
-4.26817e-07
-3.02045e-07
-1.77624e-07
-5.36441e-08
6.98012e-08
1.92622e-07
3.14727e-07
4.36029e-07
5.56438e-07
6.75868e-07
7.94234e-07
9.11449e-07
1.02743e-06
1.1421e-06
1.25537e-06
1.36717e-06
1.47742e-06
1.58603e-06
1.69295e-06
1.79808e-06
1.90137e-06
2.00274e-06
2.10213e-06
2.19947e-06
2.29469e-06
2.38773e-06
2.47853e-06
2.56704e-06
2.6532e-06
2.73695e-06
2.81824e-06
2.89702e-06
2.97325e-06
3.04687e-06
3.11784e-06
3.18613e-06
3.25169e-06
3.31449e-06
3.37449e-06
3.43165e-06
3.48596e-06
3.53737e-06
3.58587e-06
3.63144e-06
3.67404e-06
3.71367e-06
3.7503e-06
3.78393e-06
3.81454e-06
3.84212e-06
3.86666e-06
3.88817e-06
3.90664e-06
3.92206e-06
3.93444e-06
3.94379e-06
3.95012e-06
3.95342e-06
3.95372e-06
3.95103e-06
3.94535e-06
3.93672e-06
3.92516e-06
3.91067e-06
3.89329e-06
3.87305e-06
3.84998e-06
3.82409e-06
3.79543e-06
3.76404e-06
3.72994e-06
3.69318e-06
3.65379e-06
3.61182e-06
3.56732e-06
3.52032e-06
3.47087e-06
3.41903e-06
3.36484e-06
3.30836e-06
3.24964e-06
3.18873e-06
3.12568e-06
3.06057e-06
2.99344e-06
2.92436e-06
2.85339e-06
2.78058e-06
2.70601e-06
2.62974e-06
2.55183e-06
2.47236e-06
2.39138e-06
2.30896e-06
2.22518e-06
2.14011e-06
2.05381e-06
1.96636e-06
1.87782e-06
1.78828e-06
1.69779e-06
1.60644e-06
1.5143e-06
1.42144e-06
1.32794e-06
1.23386e-06
1.13929e-06
1.04429e-06
9.48943e-07
8.5332e-07
7.57494e-07
6.61539e-07
5.65529e-07
4.69535e-07
3.73632e-07
2.7789e-07
1.82381e-07
8.71772e-08
-7.65145e-09
-1.02035e-07
-1.95903e-07
-2.89189e-07
-3.81823e-07
-4.73739e-07
-5.64871e-07
-6.55153e-07
-7.4452e-07
-8.32911e-07
-9.20261e-07
-1.00651e-06
-1.0916e-06
-1.17547e-06
-1.25806e-06
-1.33931e-06
-1.41918e-06
-1.4976e-06
-1.57452e-06
-1.6499e-06
-1.72368e-06
-1.79581e-06
-1.86625e-06
-1.93495e-06
-2.00187e-06
-2.06697e-06
-2.1302e-06
-2.19152e-06
-2.2509e-06
-2.30831e-06
-2.3637e-06
-2.41704e-06
-2.46831e-06
-2.51748e-06
-2.56451e-06
-2.60939e-06
-2.65208e-06
-2.69257e-06
-2.73083e-06
-2.76685e-06
-2.80061e-06
-2.83209e-06
-2.86128e-06
-2.88818e-06
-2.91276e-06
-2.93503e-06
-2.95497e-06
-2.97259e-06
-2.98787e-06
-3.00083e-06
-3.01145e-06
-3.01974e-06
-3.02571e-06
-3.02937e-06
-3.03071e-06
-3.02976e-06
-3.02652e-06
-3.021e-06
-3.01323e-06
-3.00321e-06
-2.99096e-06
-2.97651e-06
-2.95987e-06
-2.94107e-06
-2.92013e-06
-2.89708e-06
-2.87195e-06
-2.84476e-06
-2.81554e-06
-2.78433e-06
-2.75115e-06
-2.71605e-06
-2.67905e-06
-2.6402e-06
-2.59954e-06
-2.55709e-06
-2.51291e-06
-2.46703e-06
-2.41949e-06
-2.37035e-06
-2.31964e-06
-2.26741e-06
-2.2137e-06
-2.15857e-06
-2.10207e-06
-2.04423e-06
-1.98511e-06
-1.92477e-06
-1.86325e-06
-1.80061e-06
-1.73689e-06
-1.67216e-06
-1.60646e-06
-1.53985e-06
-1.47238e-06
-1.40411e-06
-1.3351e-06
-1.26539e-06
-1.19506e-06
-1.12414e-06
-1.0527e-06
-9.80795e-07
-9.08482e-07
-8.35817e-07
-7.62856e-07
-6.89656e-07
-6.16273e-07
-5.42765e-07
-4.69186e-07
-3.95593e-07
-3.22042e-07
-2.48589e-07
-1.75288e-07
-1.02193e-07
-2.93607e-08
4.31566e-08
1.15305e-07
1.87032e-07
2.58285e-07
3.29013e-07
3.99163e-07
4.68687e-07
5.37534e-07
6.05655e-07
6.73002e-07
7.39527e-07
8.05185e-07
8.69929e-07
9.33716e-07
9.965e-07
1.05824e-06
1.11889e-06
1.17842e-06
1.23677e-06
1.29392e-06
1.34983e-06
1.40446e-06
1.45777e-06
1.50973e-06
1.56031e-06
1.60947e-06
1.65719e-06
1.70343e-06
1.74817e-06
1.79138e-06
1.83303e-06
1.8731e-06
1.91158e-06
1.94842e-06
1.98362e-06
2.01716e-06
2.04902e-06
2.07917e-06
2.10762e-06
2.13434e-06
2.15932e-06
2.18255e-06
2.20402e-06
2.22372e-06
2.24165e-06
2.2578e-06
2.27217e-06
2.28475e-06
2.29555e-06
2.30456e-06
2.31178e-06
2.31722e-06
2.32088e-06
2.32277e-06
2.3229e-06
2.32126e-06
2.31788e-06
2.31276e-06
2.30591e-06
2.29735e-06
2.28709e-06
2.27515e-06
2.26154e-06
2.24628e-06
2.2294e-06
2.2109e-06
2.19082e-06
2.16918e-06
2.14599e-06
2.12129e-06
2.0951e-06
2.06744e-06
2.03835e-06
2.00785e-06
1.97597e-06
1.94275e-06
1.90821e-06
1.87238e-06
1.83531e-06
1.79701e-06
1.75754e-06
1.71692e-06
1.67519e-06
1.63238e-06
1.58854e-06
1.5437e-06
1.4979e-06
1.45118e-06
1.40357e-06
1.35513e-06
1.30588e-06
1.25588e-06
1.20515e-06
1.15375e-06
1.10172e-06
1.04909e-06
9.95914e-07
9.4223e-07
8.88081e-07
8.33511e-07
7.78564e-07
7.23283e-07
6.6771e-07
6.1189e-07
5.55865e-07
4.9968e-07
4.43377e-07
3.86999e-07
3.3059e-07
2.74192e-07
2.17848e-07
1.61601e-07
1.05491e-07
4.95625e-08
-6.14466e-09
-6.1589e-08
-1.1673e-07
-1.71527e-07
-2.2594e-07
-2.7993e-07
-3.33458e-07
-3.86486e-07
-4.38975e-07
-4.90889e-07
-5.42191e-07
-5.92845e-07
-6.42816e-07
-6.92069e-07
-7.4057e-07
-7.88286e-07
-8.35184e-07
-8.81233e-07
-9.26402e-07
-9.7066e-07
-1.01398e-06
-1.05633e-06
-1.09769e-06
-1.13802e-06
-1.17731e-06
-1.21552e-06
-1.25263e-06
-1.28863e-06
-1.32348e-06
-1.35718e-06
-1.38968e-06
-1.42099e-06
-1.45108e-06
-1.47993e-06
-1.50752e-06
-1.53385e-06
-1.55889e-06
-1.58264e-06
-1.60508e-06
-1.62621e-06
-1.646e-06
-1.66446e-06
-1.68157e-06
-1.69733e-06
-1.71174e-06
-1.72478e-06
-1.73645e-06
-1.74676e-06
-1.7557e-06
-1.76327e-06
-1.76947e-06
-1.7743e-06
-1.77777e-06
-1.77988e-06
-1.78063e-06
-1.78003e-06
-1.77809e-06
-1.7748e-06
-1.7702e-06
-1.76427e-06
-1.75704e-06
-1.74851e-06
-1.73869e-06
-1.72761e-06
-1.71527e-06
-1.70169e-06
-1.68689e-06
-1.67088e-06
-1.65368e-06
-1.63531e-06
-1.61578e-06
-1.59512e-06
-1.57336e-06
-1.5505e-06
-1.52657e-06
-1.5016e-06
-1.47562e-06
-1.44863e-06
-1.42067e-06
-1.39177e-06
-1.36195e-06
-1.33124e-06
