0
0
0
0
0
0
0
0
0
0
0
0
0
0
0
0
0
0
0
0
0
0
0
0
0
0
0
0
0
0
0
0
0
0
0
0
0
0
0
0
0
0
0
0
0
0
0
0
0
0
0
0
0
0
0
0
0
0
0
0
0
0
0
0
0
0
0
0
0
0
0
0
0
0
0
0
0
0
0
0
0
0
0
0
0
0
0
0
0
0
0
0
0
0
0
0
0
0
0
0
0
0
0
0
0
0
0
0
0
0
0
0
0
0
0
0
0
0
0
0
0
0
0
0
0
0
0
0
0
0
0
0
0
0
0
0
0
0
0
0
0
0
0
0
0
0
0
0
0
0
0
0
0
0
0
0
0
0
0
0
0
0
0
0
0
0
0
0
0
0
0
0
0
0
0
0
0
0
0
0
0
0
0
0
0
0
0
0
0
0
0
0
0
0
0
0
0
0
0
0
0
0
0
0
0
0
0
0
0
0
0
0
0
0
0
0
0
0
0
0
0
0
0
0
0
0
0
0
0
0
0
0
0
0
0
0
0
0
0
0
0
0
0
0
0
0
0
0
0
0
0
0
0
0
0
0
0
0
0
0
0
0
0
0
0
0
0
0
0
0
0
0
0
0
0
0
0
0
0
0
0
0
0
0
0
0
0
0
0
0
0
0
0
0
0
0
0
0
0
0
0
0
0
0
0
0
0
0
0
0
0
0
0
0
0
0
0
0
0
0
0
0
0
0
0
0
0
0
0
0
0
0
0
0
0
0
0
0
0
0
0
0
0
0
0
0
0
0
0
0
0
0
0
0
0
0
0
0
0
0
0
0
0
0
0
0
0
0
0
0
0
0
0
0
0
0
0
0
0
0
0
0
0
0
0
0
0
0
0
0
0
0
0
0
0
0
0
0
0
0
0
0
0
0
0
0
0
0
0
0
0
0
0
0
0
0
0
0
0
0
0
0
0
0
0
0
0
0
0
0
0
0
0
0
0
0
0
0
0
0
0
0
0
0
0
0
0
0
0
0
0
0
0
0
0
0
0
0
0
0
0
0
0
0
0
0
0
0
0
0
0
0
0
0
0
0
0
0
0
0
0
0
0
0
0
0
0
0
0
0
0
0
0
0
0
0
0
0
0
0
0
0
0
0
0
0
0
0
0
0
0
0
0
0
0
0
0
0
0
0
0
0
0
0
0
0
0
0
0
0
0
0
0
0
0
0
0
0
0
0
0
0
0
0
0
0
0
0
0
0
0
0
0
0
0
0
0
0
0
0
0
0
0
0
0
0
0
0
0
0
0
0
0
0
0
0
0
0
0
0
0
0
0
0
0
0
0
0
0
0
0
0
0
0
0
0
0
0
0
0
0
0
0
0
0
0
0
0
0
0
0
0
0
0
0
0
0
0
0
0
0
0
0
0
0
0
0
0
0
0
0
0
0
0
0
0
0
0
0
0
0
0
0
0
0
0
0
0
0
0
0
0
0
0
0
0
0
0
0
0
0
0
0
0
0
0
0
0
0
0
0
0
0
0
0
0
0
0
0
0
0
0
0
0
0
0
0
0
0
0
0
0
0
0
0
0
0
0
0
0
0
0
0
0
0
0
0
0
0
0
0
0
0
0
0
0
0
0
0
0
0
0
0
0
0
0
0
0
0
0
0
0
0
0
0
0
0
0
0
0
0
0
0
0
0
0
0
0
0
0
0
0
0
0
0
0
0
0
0
0
0
0
0
0
0
0
0
0
0
0
0
0
0
0
0
0
0
0
0
0
0
4.88859e-11
6.01136e-11
-1.5005e-11
1.0894e-09
5.878e-09
1.6412e-08
3.39041e-08
5.90236e-08
9.19784e-08
1.32653e-07
1.80703e-07
2.35639e-07
2.96887e-07
3.63839e-07
4.35883e-07
5.12427e-07
5.92912e-07
6.76815e-07
7.63655e-07
8.52987e-07
9.44401e-07
1.03752e-06
1.13197e-06
1.22743e-06
1.32356e-06
1.42004e-06
1.51658e-06
1.61288e-06
1.70863e-06
1.80356e-06
1.8974e-06
1.98987e-06
2.08074e-06
2.16976e-06
2.25671e-06
2.34139e-06
2.42362e-06
2.50321e-06
2.58003e-06
2.65393e-06
2.7248e-06
2.79252e-06
2.85702e-06
2.9182e-06
2.97601e-06
3.03039e-06
3.0813e-06
3.12871e-06
3.17259e-06
3.21294e-06
3.24973e-06
3.28296e-06
3.31265e-06
3.33878e-06
3.36138e-06
3.38044e-06
3.39599e-06
3.40803e-06
3.4166e-06
3.4217e-06
3.42338e-06
3.42166e-06
3.41659e-06
3.40821e-06
3.39656e-06
3.38172e-06
3.36373e-06
3.34268e-06
3.31861e-06
3.29162e-06
3.26177e-06
3.22913e-06
3.19378e-06
3.15579e-06
3.11523e-06
3.07217e-06
3.02668e-06
2.97884e-06
2.9287e-06
2.87635e-06
2.82184e-06
2.76526e-06
2.70667e-06
2.64615e-06
2.58378e-06
2.51965e-06
2.45383e-06
2.38641e-06
2.3175e-06
2.2472e-06
2.17561e-06
2.10285e-06
2.02904e-06
1.95431e-06
1.87879e-06
1.80261e-06
1.72594e-06
1.64891e-06
1.57169e-06
1.49442e-06
1.41729e-06
1.34045e-06
1.26406e-06
1.18831e-06
1.11335e-06
1.03936e-06
9.66494e-07
8.94922e-07
8.24801e-07
7.56282e-07
6.89511e-07
6.2463e-07
5.61769e-07
5.01053e-07
4.42595e-07
3.865e-07
3.32865e-07
2.81775e-07
2.33305e-07
1.87521e-07
1.44476e-07
1.04217e-07
6.67773e-08
3.21845e-08
4.56086e-10
-2.83978e-08
-5.43742e-08
-7.74769e-08
-9.77161e-08
-1.15108e-07
-1.29675e-07
-1.41445e-07
-1.50451e-07
-1.56733e-07
-1.60336e-07
-1.61313e-07
-1.59722e-07
-1.55626e-07
-1.49097e-07
-1.40211e-07
-1.2905e-07
-1.15702e-07
-1.00259e-07
-8.28214e-08
-6.34906e-08
-4.23749e-08
-1.95864e-08
4.7589e-09
3.05419e-08
5.76407e-08
8.59312e-08
1.15288e-07
1.45587e-07
1.76704e-07
2.08522e-07
2.4093e-07
2.73822e-07
3.07102e-07
3.40683e-07
3.74485e-07
4.08436e-07
4.42473e-07
4.76536e-07
5.10566e-07
5.44498e-07
5.7826e-07
6.1177e-07
6.44933e-07
6.77643e-07
7.0978e-07
7.41216e-07
7.71809e-07
8.01413e-07
8.29887e-07
8.57093e-07
8.82913e-07
9.07242e-07
9.29998e-07
9.51118e-07
9.70562e-07
9.88312e-07
1.00437e-06
1.01874e-06
1.03145e-06
1.04253e-06
1.05199e-06
1.05983e-06
1.06606e-06
1.07065e-06
1.07358e-06
1.0748e-06
1.07426e-06
1.0719e-06
1.06767e-06
1.06152e-06
1.05341e-06
1.04332e-06
1.03126e-06
1.01725e-06
1.00133e-06
9.86653e-07
9.83197e-07
9.98883e-07
1.02951e-06
1.06662e-06
1.10484e-06
1.1401e-06
1.16956e-06
1.19148e-06
1.20489e-06
1.20947e-06
1.20537e-06
1.19306e-06
1.17322e-06
1.14662e-06
1.11409e-06
1.07642e-06
1.03434e-06
9.88493e-07
9.39431e-07
8.87592e-07
8.33319e-07
7.76871e-07
7.18452e-07
6.58231e-07
5.96368e-07
5.33029e-07
4.68402e-07
4.02704e-07
3.36185e-07
2.69136e-07
2.01879e-07
1.34759e-07
6.81191e-08
2.28507e-09
-6.24539e-08
-1.25854e-07
-1.87725e-07
-2.47932e-07
-3.06397e-07
-3.63101e-07
-4.18076e-07
-4.71405e-07
-5.23217e-07
-5.73685e-07
-6.23016e-07
-6.71449e-07
-7.19248e-07
-7.66697e-07
-8.14095e-07
-8.61747e-07
-9.09961e-07
-9.59031e-07
-1.00922e-06
-1.06075e-06
-1.11379e-06
-1.16845e-06
-1.22478e-06
-1.28278e-06
-1.34239e-06
-1.40351e-06
-1.466e-06
-1.52969e-06
-1.59441e-06
-1.65998e-06
-1.72624e-06
-1.79305e-06
-1.86027e-06
-1.92777e-06
-1.99546e-06
-2.0632e-06
-2.13091e-06
-2.19844e-06
-2.26568e-06
-2.33242e-06
-2.39848e-06
-2.4636e-06
-2.5275e-06
-2.58989e-06
-2.65044e-06
-2.70882e-06
-2.76469e-06
-2.81774e-06
-2.86769e-06
-2.91432e-06
-2.95748e-06
-2.99711e-06
-3.03322e-06
-3.06593e-06
-3.09542e-06
-3.12198e-06
-3.14593e-06
-3.16766e-06
-3.18757e-06
-3.20606e-06
-3.22349e-06
-3.24016e-06
-3.25631e-06
-3.27212e-06
-3.28765e-06
-3.30292e-06
-3.31785e-06
-3.3323e-06
-3.3461e-06
-3.35903e-06
-3.37091e-06
-3.38156e-06
-3.39083e-06
-3.39861e-06
-3.40485e-06
-3.40956e-06
-3.41279e-06
-3.41463e-06
-3.41524e-06
-3.41477e-06
-3.41341e-06
-3.41134e-06
-3.40873e-06
-3.40575e-06
-3.40254e-06
-3.39922e-06
-3.39591e-06
-3.39266e-06
-3.38954e-06
-3.38659e-06
-3.38383e-06
-3.38129e-06
-3.37896e-06
-3.37688e-06
-3.37504e-06
-3.37346e-06
-3.37218e-06
-3.37121e-06
-3.37059e-06
-3.37037e-06
-3.37058e-06
-3.37125e-06
-3.37243e-06
-3.37416e-06
-3.37647e-06
-3.37941e-06
-3.38301e-06
-3.38731e-06
-3.39238e-06
-3.39831e-06
-3.40518e-06
-3.41313e-06
-3.4223e-06
-3.43287e-06
-3.44503e-06
-3.45898e-06
-3.47493e-06
-3.4931e-06
-3.51368e-06
-3.53684e-06
-3.56275e-06
-3.59153e-06
-3.62328e-06
-3.65806e-06
-3.69595e-06
-3.73698e-06
-3.7812e-06
-3.82863e-06
-3.87931e-06
-3.93331e-06
-3.99069e-06
-4.05152e-06
-4.11591e-06
-4.18394e-06
-4.25569e-06
-4.33124e-06
-4.41065e-06
-4.49395e-06
-4.58117e-06
-4.67229e-06
-4.76729e-06
-4.86613e-06
-4.96874e-06
-5.07505e-06
-5.18496e-06
-5.29839e-06
-5.41519e-06
-5.53525e-06
-5.65836e-06
-5.7843e-06
-5.91279e-06
-6.04347e-06
-6.17594e-06
-6.30974e-06
-6.44434e-06
-6.57921e-06
-6.71377e-06
-6.84744e-06
-6.97969e-06
-7.11003e-06
-7.23806e-06
-7.36346e-06
-7.48599e-06
-7.60551e-06
-7.72191e-06
-7.82718e-06
-7.90849e-06
-7.97282e-06
-8.03793e-06
-8.11091e-06
-8.19607e-06
-8.29702e-06
-8.41523e-06
-8.55136e-06
-8.70475e-06
-8.87411e-06
-9.05742e-06
-9.25236e-06
-9.4564e-06
-9.66703e-06
-9.88184e-06
-1.00987e-05
-1.03156e-05
-1.05311e-05
-1.07439e-05
-1.0953e-05
-1.11579e-05
-1.13581e-05
-1.15534e-05
-1.17438e-05
-1.19292e-05
-1.21099e-05
-1.22859e-05
-1.24574e-05
-1.26247e-05
-1.27877e-05
-1.29469e-05
-1.31022e-05
-1.32538e-05
-1.3402e-05
-1.35471e-05
-1.36891e-05
-1.38285e-05
-1.39655e-05
-1.41004e-05
-1.42336e-05
-1.43654e-05
-1.44962e-05
-1.46251e-05
-1.47501e-05
-1.48695e-05
-1.49821e-05
-1.50875e-05
-1.51851e-05
-1.52749e-05
-1.5357e-05
-1.54314e-05
-1.54985e-05
-1.55584e-05
-1.56115e-05
-1.56583e-05
-1.56992e-05
-1.57348e-05
-1.57658e-05
-1.57927e-05
-1.58164e-05
-1.58376e-05
-1.5857e-05
-1.58754e-05
-1.58934e-05
-1.59116e-05
-1.59305e-05
-1.59506e-05
-1.59721e-05
-1.59954e-05
-1.60206e-05
-1.60478e-05
-1.60771e-05
-1.61084e-05
-1.61418e-05
-1.61772e-05
-1.62144e-05
-1.62534e-05
-1.6294e-05
-1.6336e-05
-1.63792e-05
-1.64234e-05
-1.64685e-05
-1.65143e-05
-1.65606e-05
-1.66073e-05
-1.66546e-05
-1.67023e-05
-1.67507e-05
-1.67998e-05
-1.68498e-05
-1.6901e-05
-1.69537e-05
-1.7008e-05
-1.70644e-05
-1.71232e-05
-1.71846e-05
-1.72491e-05
-1.73168e-05
-1.73882e-05
-1.74635e-05
-1.75429e-05
-1.76266e-05
-1.77147e-05
-1.78071e-05
-1.79038e-05
-1.80045e-05
-1.81088e-05
-1.82164e-05
-1.83265e-05
-1.84387e-05
-1.85521e-05
-1.8666e-05
-1.87797e-05
-1.88923e-05
-1.90032e-05
-1.91115e-05
-1.92168e-05
-1.93184e-05
-1.94159e-05
-1.95089e-05
-1.9597e-05
-1.96802e-05
-1.97582e-05
-1.9831e-05
-1.98987e-05
-1.99614e-05
-2.00193e-05
-2.00728e-05
-2.0122e-05
-2.01675e-05
-2.02095e-05
-2.02487e-05
-2.02853e-05
-2.03199e-05
-2.0353e-05
-2.0385e-05
-2.04164e-05
-2.04475e-05
-2.04788e-05
-2.05105e-05
-2.0543e-05
-2.05764e-05
-2.06109e-05
-2.06466e-05
-2.06835e-05
-2.07215e-05
-2.07604e-05
-2.08002e-05
-2.08404e-05
-2.08808e-05
-2.09212e-05
-2.0961e-05
-2.10001e-05
-2.1038e-05
-2.10745e-05
-2.11094e-05
-2.11424e-05
-2.11734e-05
-2.12022e-05
-2.12289e-05
-2.12534e-05
-2.1276e-05
-2.12966e-05
-2.13154e-05
-2.13329e-05
-2.13492e-05
-2.13647e-05
-2.13799e-05
-2.13953e-05
-2.14114e-05
-2.1429e-05
-2.14486e-05
-2.14711e-05
-2.14974e-05
-2.15284e-05
-2.1565e-05
-2.16084e-05
-2.16596e-05
-2.17195e-05
-2.17894e-05
-2.18702e-05
-2.1963e-05
-2.20685e-05
-2.21876e-05
-2.23211e-05
-2.24695e-05
-2.26332e-05
-2.28128e-05
-2.30082e-05
-2.32197e-05
-2.3447e-05
-2.36901e-05
-2.39486e-05
-2.4222e-05
-2.45097e-05
-2.4811e-05
-2.51252e-05
-2.54514e-05
-2.57884e-05
-2.61332e-05
-2.64976e-05
-2.69088e-05
-2.73686e-05
-2.78617e-05
-2.83814e-05
-2.89209e-05
-2.94756e-05
-3.00414e-05
-3.06147e-05
-3.11924e-05
-3.17716e-05
-3.23494e-05
-3.29227e-05
-3.3489e-05
-3.40454e-05
-3.45892e-05
-3.51181e-05
-3.56295e-05
-3.61215e-05
-3.65921e-05
-3.70396e-05
-3.74624e-05
-3.78593e-05
-3.82291e-05
-3.85706e-05
-3.88829e-05
-3.9165e-05
-3.94163e-05
-3.96359e-05
-3.98233e-05
-3.99782e-05
-4.01004e-05
-4.01899e-05
-4.02471e-05
-4.02728e-05
-4.02679e-05
-4.02339e-05
-4.01725e-05
-4.00855e-05
-3.9972e-05
-3.98246e-05
-3.96378e-05
-3.94183e-05
-3.91772e-05
-3.89222e-05
-3.86595e-05
-3.8394e-05
-3.81291e-05
-3.78675e-05
-3.76109e-05
-3.73605e-05
-3.7117e-05
-3.6881e-05
-3.6653e-05
-3.64334e-05
-3.62228e-05
-3.6022e-05
-3.58318e-05
-3.56533e-05
-3.54877e-05
-3.53363e-05
-3.52007e-05
-3.50825e-05
-3.49832e-05
-3.49045e-05
-3.48479e-05
-3.4815e-05
-3.48072e-05
-3.4826e-05
-3.48725e-05
-3.49479e-05
-3.50531e-05
-3.5189e-05
-3.53563e-05
-3.55555e-05
-3.57869e-05
-3.60506e-05
-3.63465e-05
-3.66743e-05
-3.70335e-05
-3.74233e-05
-3.78426e-05
-3.82904e-05
-3.87652e-05
-3.92655e-05
-3.97896e-05
-4.03355e-05
-4.09013e-05
-4.14847e-05
-4.20835e-05
-4.26952e-05
-4.33173e-05
-4.3947e-05
-4.45817e-05
-4.52183e-05
-4.5854e-05
-4.64857e-05
-4.71106e-05
-4.77257e-05
-4.83282e-05
-4.89155e-05
-4.94852e-05
-5.00349e-05
-5.05626e-05
-5.10667e-05
-5.15457e-05
-5.19984e-05
-5.24237e-05
-5.28211e-05
-5.319e-05
-5.35301e-05
-5.38412e-05
-5.41235e-05
-5.43771e-05
-5.46023e-05
-5.47994e-05
-5.49688e-05
-5.51111e-05
-5.52266e-05
-5.5316e-05
-5.53795e-05
-5.54176e-05
-5.54305e-05
-5.54185e-05
-5.53815e-05
-5.53196e-05
-5.52327e-05
-5.51207e-05
-5.49837e-05
-5.48218e-05
-5.46351e-05
-5.44242e-05
-5.41898e-05
-5.39331e-05
-5.36554e-05
-5.33587e-05
-5.30449e-05
-5.27166e-05
-5.23763e-05
-5.20269e-05
-5.16714e-05
-5.13129e-05
-5.09542e-05
-5.05984e-05
-5.02483e-05
-4.99066e-05
-4.95758e-05
-4.92582e-05
-4.89561e-05
-4.86714e-05
-4.84061e-05
-4.81618e-05
-4.79403e-05
-4.7743e-05
-4.75713e-05
-4.74267e-05
-4.73103e-05
-4.72234e-05
-4.71669e-05
-4.71419e-05
-4.7149e-05
-4.7189e-05
-4.72623e-05
-4.73691e-05
-4.75097e-05
-4.76837e-05
-4.78911e-05
-4.81312e-05
-4.84035e-05
-4.87071e-05
-4.90411e-05
-4.94044e-05
-4.9796e-05
-5.02145e-05
-5.06586e-05
-5.1127e-05
-5.16182e-05
-5.21306e-05
-5.26624e-05
-5.32119e-05
-5.37772e-05
-5.43559e-05
-5.49459e-05
-5.55446e-05
-5.61493e-05
-5.67572e-05
-5.73653e-05
-5.79707e-05
-5.85703e-05
-5.91613e-05
-5.97409e-05
-6.03065e-05
-6.08559e-05
-6.13873e-05
-6.1899e-05
-6.23898e-05
-6.28586e-05
-6.33049e-05
-6.3728e-05
-6.41181e-05
-6.44909e-05
-6.4876e-05
-6.52625e-05
-6.56368e-05
-6.59938e-05
-6.63277e-05
-6.66351e-05
-6.69128e-05
-6.71588e-05
-6.73708e-05
-6.75478e-05
-6.76886e-05
-6.77928e-05
-6.78601e-05
-6.78907e-05
-6.78853e-05
-6.78449e-05
-6.77708e-05
-6.76647e-05
-6.75285e-05
-6.73644e-05
-6.71749e-05
-6.69624e-05
-6.67294e-05
-6.64786e-05
-6.62127e-05
-6.59341e-05
-6.56455e-05
-6.53493e-05
-6.5048e-05
-6.47439e-05
-6.44393e-05
-6.41364e-05
-6.38374e-05
-6.35441e-05
-6.32588e-05
-6.29831e-05
-6.2719e-05
-6.24603e-05
-6.21967e-05
-6.19358e-05
-6.16956e-05
-6.14834e-05
-6.13041e-05
-6.11618e-05
-6.10586e-05
-6.09958e-05
-6.09735e-05
-6.09913e-05
-6.1048e-05
-6.11425e-05
-6.12733e-05
-6.14392e-05
-6.16394e-05
-6.1873e-05
-6.21398e-05
-6.24398e-05
-6.27735e-05
-6.31412e-05
-6.3544e-05
-6.39825e-05
-6.44578e-05
-6.49706e-05
-6.55216e-05
-6.61111e-05
-6.67394e-05
-6.74062e-05
-6.8111e-05
-6.8853e-05
-6.96308e-05
-7.04427e-05
-7.12867e-05
-7.21602e-05
-7.30605e-05
-7.39843e-05
-7.49282e-05
-7.58885e-05
-7.68613e-05
-7.78424e-05
-7.88277e-05
-7.9813e-05
-8.07939e-05
-8.17663e-05
-8.27259e-05
-8.36687e-05
-8.45908e-05
-8.54885e-05
-8.63583e-05
-8.71972e-05
-8.80023e-05
-8.87713e-05
-8.95021e-05
-9.01932e-05
-9.08438e-05
-9.14534e-05
-9.20218e-05
-9.25494e-05
-9.30368e-05
-9.34851e-05
-9.38953e-05
-9.42687e-05
-9.46064e-05
-9.49098e-05
-9.51797e-05
-9.54173e-05
-9.56232e-05
-9.57981e-05
-9.59424e-05
-9.60565e-05
-9.61408e-05
-9.61953e-05
-9.62204e-05
-9.62161e-05
-9.61828e-05
-9.61206e-05
-9.60301e-05
-9.59116e-05
-9.57659e-05
-9.55936e-05
-9.53957e-05
-9.51733e-05
-9.49277e-05
-9.46605e-05
-9.43734e-05
-9.40682e-05
-9.37472e-05
-9.34125e-05
-9.30663e-05
-9.27111e-05
-9.23491e-05
-9.19826e-05
-9.1614e-05
-9.12451e-05
-9.0878e-05
-9.05144e-05
-9.01559e-05
-8.9804e-05
-8.94599e-05
-8.91248e-05
-8.87995e-05
-8.8485e-05
-8.8182e-05
-8.7891e-05
-8.76127e-05
-8.73473e-05
-8.70952e-05
-8.68569e-05
-8.66326e-05
-8.64227e-05
-8.62276e-05
-8.60477e-05
-8.58836e-05
-8.5736e-05
-8.56055e-05
-8.54931e-05
-8.53997e-05
-8.53261e-05
-8.52733e-05
-8.52421e-05
-8.52332e-05
-8.52471e-05
-8.52842e-05
-8.53446e-05
-8.54279e-05
-8.55337e-05
-8.56614e-05
-8.58099e-05
-8.59784e-05
-8.61656e-05
-8.63705e-05
-8.65921e-05
-8.68294e-05
-8.70817e-05
-8.73484e-05
-8.76293e-05
-8.79244e-05
-8.82337e-05
-8.85576e-05
-8.88965e-05
-8.9251e-05
-8.96218e-05
-9.00093e-05
-9.04143e-05
-9.08372e-05
-9.12783e-05
-9.17379e-05
-9.2216e-05
-9.27125e-05
-9.32269e-05
-9.37586e-05
-9.43068e-05
-9.48702e-05
-9.54475e-05
-9.6037e-05
-9.66369e-05
-9.7245e-05
-9.78593e-05
-9.84774e-05
-9.9097e-05
-9.96789e-05
-0.000100175
-0.000100603
-0.000100998
-0.000101368
-0.000101722
-0.000102066
-0.000102403
-0.000102733
-0.000103057
-0.000103372
-0.000103677
-0.000103971
-0.00010425
-0.000104512
-0.000104756
-0.00010498
-0.000105184
-0.000105366
-0.000105525
-0.000105663
-0.000105778
-0.00010587
-0.000105939
-0.000105985
-0.000106007
-0.000106006
-0.00010598
-0.000105928
-0.000105851
-0.000105748
-0.000105617
-0.00010546
-0.000105275
-0.000105064
-0.000104827
-0.000104564
-0.000104278
-0.000103969
-0.000103639
-0.000103289
-0.000102933
-0.000102596
-0.000102281
-0.000101979
-0.000101687
-0.000101403
-0.000101125
-0.000100854
-0.000100591
-0.000100337
-0.000100094
-9.98629e-05
-9.96463e-05
-9.94463e-05
-9.9265e-05
-9.91045e-05
-9.89669e-05
-9.88542e-05
-9.87682e-05
-9.87104e-05
-9.86821e-05
-9.86842e-05
-9.87169e-05
-9.878e-05
-9.88729e-05
-9.89944e-05
-9.91431e-05
-9.93171e-05
-9.95148e-05
-9.9734e-05
-9.9973e-05
-0.00010023
-0.000100504
-0.000100795
-0.000101101
-0.000101424
-0.000101763
-0.000102119
-0.000102494
-0.000102888
-0.000103302
-0.000103738
-0.000104196
-0.000104677
-0.000105181
-0.000105708
-0.000106257
-0.000106827
-0.000107419
-0.000108031
-0.000108661
-0.00010931
-0.000109974
-0.000110655
-0.000111351
-0.000112061
-0.000112784
-0.00011352
-0.000114267
-0.000115026
-0.000115795
-0.000116573
-0.000117358
-0.000118149
-0.000118944
-0.00011974
-0.000120535
-0.000121326
-0.000122111
-0.000122887
-0.000123651
-0.0001244
-0.000125132
-0.000125845
-0.000126537
-0.000127206
-0.00012785
-0.000128469
-0.000129062
-0.000129626
-0.000130162
-0.000130668
-0.000131142
-0.000131585
-0.000131993
-0.000132366
-0.000132703
-0.000133001
-0.000133259
-0.000133475
-0.00013365
-0.000133781
-0.000133869
-0.000133913
-0.000133915
-0.000133875
-0.000133794
-0.000133675
-0.000133519
-0.00013333
-0.00013311
-0.000132861
-0.000132588
-0.000132291
-0.000131976
-0.000131644
-0.000131298
-0.000130941
-0.000130576
-0.000130205
-0.000129831
-0.000129456
-0.000129082
-0.000128711
-0.000128347
-0.00012799
-0.000127642
-0.000127307
-0.000126985
-0.000126677
-0.000126386
-0.000126112
-0.000125856
-0.000125618
-0.000125398
-0.000125197
-0.000125013
-0.000124848
-0.0001247
-0.000124569
-0.000124455
-0.000124358
-0.000124278
-0.000124216
-0.000124173
-0.000124151
-0.000124149
-0.00012417
-0.000124216
-0.000124288
-0.000124388
-0.000124516
-0.000124675
-0.000124865
-0.000125087
-0.000125341
-0.000125627
-0.000125946
-0.000126295
-0.000126676
-0.000127085
-0.000127522
-0.000127983
-0.000128467
-0.000128971
-0.000129491
-0.000130024
-0.000130565
-0.000131112
-0.000131651
-0.000132111
-0.000132429
-0.000132636
-0.000132769
-0.000132848
-0.000132888
-0.000132897
-0.000132877
-0.000132829
-0.000132749
-0.000132635
-0.000132481
-0.000132283
-0.000132038
-0.000131742
-0.000131395
-0.000130996
-0.000130544
-0.000130041
-0.00012949
-0.000128892
-0.000128251
-0.000127571
-0.000126853
-0.000126102
-0.000125321
-0.000124513
-0.00012368
-0.000122826
-0.000121953
-0.000121065
-0.000120164
-0.000119254
-0.000118337
-0.000117419
-0.000116501
-0.000115589
-0.000114685
-0.000113794
-0.00011291
-0.000112053
-0.000111255
-0.000110507
-0.000109799
-0.000109129
-0.000108493
-0.000107892
-0.000107326
-0.000106796
-0.000106303
-0.00010585
-0.000105438
-0.00010507
-0.000104749
-0.000104477
-0.000104256
-0.000104089
-0.000103977
-0.000103922
-0.000103926
-0.000103989
-0.000104112
-0.000104295
-0.000104538
-0.000104838
-0.000105196
-0.000105609
-0.000106074
-0.00010659
-0.000107153
-0.000107761
-0.00010841
-0.000109097
-0.00010982
-0.000110575
-0.00011136
-0.000112171
-0.000113006
-0.000113862
-0.000114737
-0.000115627
-0.00011653
-0.000117444
-0.000118364
-0.000119288
-0.000120212
-0.000121133
-0.000122048
-0.000122953
-0.000123845
-0.000124722
-0.00012558
-0.000126417
-0.000127232
-0.000128022
-0.000128786
-0.000129524
-0.000130234
-0.000130916
-0.00013157
-0.000132196
-0.000132793
-0.000133363
-0.000133906
-0.000134422
-0.000134913
-0.000135379
-0.000135821
-0.00013624
-0.000136637
-0.000137013
-0.000137368
-0.000137702
-0.000138016
-0.000138309
-0.000138581
-0.000138832
-0.00013906
-0.000139266
-0.000139448
-0.000139605
-0.000139737
-0.000139843
-0.000139921
-0.000139972
-0.000139993
-0.000139984
-0.000139946
-0.000139877
-0.000139778
-0.000139649
-0.000139492
-0.000139308
-0.000139098
-0.000138867
-0.000138618
-0.000138353
-0.000138077
-0.000137794
-0.000137509
-0.000137225
-0.000136946
-0.000136676
-0.000136419
-0.000136177
-0.000135952
-0.000135747
-0.000135562
-0.0001354
-0.00013526
-0.000135144
-0.00013505
-0.000134979
-0.000134931
-0.000134903
-0.000134895
-0.000134906
-0.000134934
-0.000134979
-0.000135038
-0.000135111
-0.000135196
-0.000135293
-0.000135402
-0.000135521
-0.000135651
-0.000135791
-0.000135943
-0.000136107
-0.000136283
-0.000136471
-0.000136671
-0.000136885
-0.000137112
-0.000137352
-0.000137605
-0.000137871
-0.00013815
-0.000138441
-0.000138742
-0.000139054
-0.000139375
-0.000139704
-0.000140039
-0.000140377
-0.000140717
-0.000141056
-0.000141393
-0.000141724
-0.000142047
-0.00014236
-0.000142662
-0.00014295
-0.000143223
-0.000143481
-0.000143723
-0.000143949
-0.000144159
-0.000144354
-0.000144567
-0.000144794
-0.000144933
-0.000144934
-0.000144826
-0.000144624
-0.00014434
-0.000143985
-0.000143566
-0.000143088
-0.000142556
-0.000141974
-0.000141345
-0.000140673
-0.000139961
-0.000139213
-0.00013843
-0.000137616
-0.000136774
-0.000135906
-0.000135016
-0.000134107
-0.000133179
-0.000132236
-0.00013128
-0.000130312
-0.000129334
-0.000128348
-0.000127355
-0.000126357
-0.000125353
-0.000124346
-0.000123336
-0.000122323
-0.000121308
-0.000120292
-0.000119275
-0.000118259
-0.000117243
-0.00011623
-0.000115186
-0.000114065
-0.000112888
-0.000111691
-0.000110486
-0.000109287
-0.0001081
-0.000106933
-0.00010579
-0.000104673
-0.000103586
-0.000102528
-0.0001015
-0.000100504
-9.95397e-05
-9.86085e-05
-9.77112e-05
-9.68491e-05
-9.60234e-05
-9.52356e-05
-9.44871e-05
-9.37791e-05
-9.3113e-05
-9.24897e-05
-9.191e-05
-9.13743e-05
-9.08828e-05
-9.04357e-05
-9.00327e-05
-8.96735e-05
-8.93579e-05
-8.90856e-05
-8.88563e-05
-8.86699e-05
-8.85266e-05
-8.84265e-05
-8.83702e-05
-8.83581e-05
-8.83909e-05
-8.8469e-05
-8.85929e-05
-8.87632e-05
-8.898e-05
-8.92433e-05
-8.95527e-05
-8.99077e-05
-9.03075e-05
-9.07509e-05
-9.12367e-05
-9.17633e-05
-9.2329e-05
-9.29321e-05
-9.35707e-05
-9.42429e-05
-9.49469e-05
-9.56809e-05
-9.64429e-05
-9.72311e-05
-9.80434e-05
-9.88777e-05
-9.97317e-05
-0.000100603
-0.000101488
-0.000102383
-0.000103286
-0.000104192
-0.000105096
-0.000105994
-0.000106882
-0.000107754
-0.000108607
-0.000109437
-0.000110239
-0.000111013
-0.000111755
-0.000112464
-0.00011314
-0.000113783
-0.000114394
-0.000114974
-0.000115524
-0.000116047
-0.000116545
-0.000117019
-0.000117473
-0.000117906
-0.000118322
-0.000118721
-0.000119106
-0.000119477
-0.000119835
-0.000120181
-0.000120516
-0.000120841
-0.000121157
-0.000121464
-0.000121764
-0.000122057
-0.000122344
-0.000122625
-0.000122902
-0.000123174
-0.000123441
-0.000123704
-0.000123961
-0.000124212
-0.000124456
-0.000124691
-0.000124916
-0.00012513
-0.000125331
-0.000125518
-0.00012569
-0.000125845
-0.000125983
-0.000126103
-0.000126207
-0.000126292
-0.000126361
-0.000126412
-0.000126447
-0.000126465
-0.000126467
-0.000126452
-0.00012642
-0.000126372
-0.000126305
-0.00012622
-0.000126116
-0.000125992
-0.000125849
-0.000125686
-0.000125503
-0.000125301
-0.000125081
-0.000124845
-0.000124593
-0.000124328
-0.000124051
-0.000123763
-0.000123468
-0.000123167
-0.000122861
-0.000122554
-0.000122246
-0.00012194
-0.000121637
-0.00012134
-0.000121051
-0.000120771
-0.000120503
-0.000120247
-0.000120007
-0.000119783
-0.000119578
-0.000119392
-0.000119227
-0.000119085
-0.000118965
-0.00011887
-0.000118827
-0.000118894
-0.000119055
-0.000119233
-0.000119385
-0.000119485
-0.00011951
-0.000119448
-0.000119294
-0.000119046
-0.000118706
-0.000118281
-0.000117776
-0.000117201
-0.000116564
-0.000115873
-0.000115136
-0.000114361
-0.000113556
-0.000112726
-0.000111876
-0.000111013
-0.00011014
-0.000109262
-0.000108381
-0.0001075
-0.000106623
-0.00010575
-0.000104885
-0.000104029
-0.000103182
-0.000102345
-0.00010152
-0.000100705
-9.99017e-05
-9.91083e-05
-9.83243e-05
-9.75487e-05
-9.67802e-05
-9.60173e-05
-9.52531e-05
-9.44224e-05
-9.34636e-05
-9.2406e-05
-9.12869e-05
-9.01251e-05
-8.8937e-05
-8.77306e-05
-8.65114e-05
-8.52803e-05
-8.40374e-05
-8.27809e-05
-8.15089e-05
-8.02199e-05
-7.89129e-05
-7.75877e-05
-7.62453e-05
-7.48874e-05
-7.3517e-05
-7.21376e-05
-7.07538e-05
-6.93704e-05
-6.79927e-05
-6.66263e-05
-6.52768e-05
-6.39496e-05
-6.26503e-05
-6.13839e-05
-6.01554e-05
-5.89693e-05
-5.78299e-05
-5.6741e-05
-5.57061e-05
-5.47282e-05
-5.38099e-05
-5.29534e-05
-5.21606e-05
-5.14329e-05
-5.07716e-05
-5.01776e-05
-4.96516e-05
-4.91944e-05
-4.88065e-05
-4.84885e-05
-4.8241e-05
-4.80645e-05
-4.79595e-05
-4.79267e-05
-4.79665e-05
-4.80792e-05
-4.8265e-05
-4.85241e-05
-4.88562e-05
-4.92609e-05
-4.97377e-05
-5.02857e-05
-5.09039e-05
-5.15911e-05
-5.23456e-05
-5.31656e-05
-5.40487e-05
-5.49923e-05
-5.59933e-05
-5.70482e-05
-5.81528e-05
-5.93024e-05
-6.0492e-05
-6.1716e-05
-6.29686e-05
-6.42437e-05
-6.55352e-05
-6.68372e-05
-6.81438e-05
-6.94493e-05
-7.07488e-05
-7.20374e-05
-7.33112e-05
-7.45663e-05
-7.57996e-05
-7.70081e-05
-7.81895e-05
-7.93416e-05
-8.04625e-05
-8.15504e-05
-8.26036e-05
-8.36208e-05
-8.46004e-05
-8.55411e-05
-8.64416e-05
-8.73007e-05
-8.81172e-05
-8.88898e-05
-8.96174e-05
-9.02988e-05
-9.09326e-05
-9.15177e-05
-9.20525e-05
-9.2536e-05
-9.29667e-05
-9.33437e-05
-9.36662e-05
-9.39335e-05
-9.41455e-05
-9.43026e-05
-9.44056e-05
-9.4456e-05
-9.44557e-05
-9.44071e-05
-9.43133e-05
-9.41773e-05
-9.40027e-05
-9.37932e-05
-9.35524e-05
-9.3284e-05
-9.29915e-05
-9.26785e-05
-9.2348e-05
-9.20029e-05
-9.16459e-05
-9.12793e-05
-9.09049e-05
-9.05245e-05
-9.01391e-05
-8.97495e-05
-8.93561e-05
-8.89588e-05
-8.85572e-05
-8.81506e-05
-8.77383e-05
-8.73193e-05
-8.68926e-05
-8.64574e-05
-8.60128e-05
-8.55586e-05
-8.50946e-05
-8.46211e-05
-8.41388e-05
-8.36488e-05
-8.31525e-05
-8.26514e-05
-8.21477e-05
-8.16435e-05
-8.11411e-05
-8.06431e-05
-8.01519e-05
-7.96702e-05
-7.92007e-05
-7.8746e-05
-7.83087e-05
-7.78912e-05
-7.74957e-05
-7.71243e-05
-7.67787e-05
-7.64603e-05
-7.617e-05
-7.59082e-05
-7.56749e-05
-7.54699e-05
-7.52925e-05
-7.51418e-05
-7.50314e-05
-7.50128e-05
-7.51313e-05
-7.53582e-05
-7.56282e-05
-7.58949e-05
-7.61265e-05
-7.63019e-05
-7.64108e-05
-7.64495e-05
-7.64208e-05
-7.63308e-05
-7.61884e-05
-7.60037e-05
-7.57874e-05
-7.55496e-05
-7.53e-05
-7.50469e-05
-7.47974e-05
-7.45573e-05
-7.4331e-05
-7.41216e-05
-7.39308e-05
-7.37593e-05
-7.36066e-05
-7.34713e-05
-7.33512e-05
-7.32436e-05
-7.31453e-05
-7.30527e-05
-7.29622e-05
-7.28704e-05
-7.27736e-05
-7.26687e-05
-7.25529e-05
-7.2424e-05
-7.228e-05
-7.21195e-05
-7.19418e-05
-7.17464e-05
-7.15672e-05
-7.14074e-05
-7.11706e-05
-7.08067e-05
-7.03374e-05
-6.97735e-05
-6.91255e-05
-6.84018e-05
-6.76101e-05
-6.67571e-05
-6.58493e-05
-6.48929e-05
-6.38936e-05
-6.28571e-05
-6.17886e-05
-6.06931e-05
-5.95749e-05
-5.84381e-05
-5.72861e-05
-5.61219e-05
-5.49478e-05
-5.37659e-05
-5.25777e-05
-5.13842e-05
-5.01862e-05
-4.89842e-05
-4.77783e-05
-4.65687e-05
-4.53553e-05
-4.41381e-05
-4.29173e-05
-4.1693e-05
-4.04656e-05
-3.92356e-05
-3.80042e-05
-3.67725e-05
-3.55423e-05
-3.43154e-05
-3.30942e-05
-3.18813e-05
-3.06794e-05
-2.94914e-05
-2.83204e-05
-2.71695e-05
-2.60418e-05
-2.49405e-05
-2.38685e-05
-2.28286e-05
-2.18238e-05
-2.08565e-05
-1.99294e-05
-1.90446e-05
-1.82043e-05
-1.74106e-05
-1.66651e-05
-1.59694e-05
-1.53252e-05
-1.47334e-05
-1.41954e-05
-1.37118e-05
-1.32833e-05
-1.29106e-05
-1.25938e-05
-1.23331e-05
-1.21284e-05
-1.19795e-05
-1.1886e-05
-1.18473e-05
-1.18629e-05
-1.19321e-05
-1.2054e-05
-1.2228e-05
-1.24532e-05
-1.27289e-05
-1.30541e-05
-1.34282e-05
-1.38502e-05
-1.43193e-05
-1.48345e-05
-1.53947e-05
-1.59987e-05
-1.66452e-05
-1.73325e-05
-1.8059e-05
-1.88227e-05
-1.96218e-05
-2.04539e-05
-2.13168e-05
-2.2208e-05
-2.31251e-05
-2.40656e-05
-2.50267e-05
-2.60061e-05
-2.70012e-05
-2.80094e-05
-2.90282e-05
-3.00553e-05
-3.10883e-05
-3.2125e-05
-3.31629e-05
-3.42001e-05
-3.52342e-05
-3.62632e-05
-3.72849e-05
-3.82971e-05
-3.92974e-05
-4.02836e-05
-4.12533e-05
-4.2204e-05
-4.31333e-05
-4.40387e-05
-4.49177e-05
-4.5768e-05
-4.65873e-05
-4.73737e-05
-4.81251e-05
-4.88401e-05
-4.95173e-05
-5.01556e-05
-5.07541e-05
-5.13121e-05
-5.18293e-05
-5.23055e-05
-5.27405e-05
-5.31344e-05
-5.34872e-05
-5.37992e-05
-5.40704e-05
-5.43012e-05
-5.44918e-05
-5.46424e-05
-5.47536e-05
-5.48257e-05
-5.48593e-05
-5.4855e-05
-5.48135e-05
-5.47358e-05
-5.46228e-05
-5.44757e-05
-5.42955e-05
-5.40836e-05
-5.38413e-05
-5.35699e-05
-5.32707e-05
-5.29452e-05
-5.25947e-05
-5.22206e-05
-5.18241e-05
-5.14067e-05
-5.09697e-05
-5.05147e-05
-5.00431e-05
-4.95564e-05
-4.90564e-05
-4.85448e-05
-4.80234e-05
-4.74942e-05
-4.69591e-05
-4.64201e-05
-4.58827e-05
-4.53654e-05
-4.48924e-05
-4.44665e-05
-4.40681e-05
-4.36816e-05
-4.32975e-05
-4.29093e-05
-4.25141e-05
-4.21114e-05
-4.1703e-05
-4.12917e-05
-4.08815e-05
-4.04765e-05
-4.00811e-05
-3.96991e-05
-3.93338e-05
-3.89879e-05
-3.86631e-05
-3.83604e-05
-3.808e-05
-3.78213e-05
-3.75831e-05
-3.73639e-05
-3.7162e-05
-3.69753e-05
-3.68023e-05
-3.66413e-05
-3.64913e-05
-3.63513e-05
-3.6221e-05
-3.61004e-05
-3.599e-05
-3.58904e-05
-3.58026e-05
-3.57279e-05
-3.56675e-05
-3.56226e-05
-3.55945e-05
-3.55842e-05
-3.55926e-05
-3.56511e-05
-3.58216e-05
-3.60941e-05
-3.63894e-05
-3.66574e-05
-3.68663e-05
-3.699e-05
-3.70144e-05
-3.69308e-05
-3.67376e-05
-3.64371e-05
-3.60347e-05
-3.55382e-05
-3.49562e-05
-3.42981e-05
-3.35731e-05
-3.27903e-05
-3.19578e-05
-3.1083e-05
-3.01726e-05
-2.92323e-05
-2.82669e-05
-2.72805e-05
-2.62765e-05
-2.52575e-05
-2.42258e-05
-2.31831e-05
-2.2131e-05
-2.10707e-05
-2.00034e-05
-1.89301e-05
-1.78522e-05
-1.67708e-05
-1.56874e-05
-1.46038e-05
-1.35218e-05
-1.24436e-05
-1.13716e-05
-1.03084e-05
-9.25668e-06
-8.21934e-06
-7.19927e-06
-6.19939e-06
-5.22262e-06
-4.2718e-06
-3.34967e-06
-2.45887e-06
-1.60189e-06
-7.81086e-07
1.33478e-09
7.43328e-07
1.44301e-06
2.0987e-06
2.70891e-06
3.27242e-06
3.78827e-06
4.25581e-06
4.67467e-06
5.04477e-06
5.3663e-06
5.63971e-06
5.86569e-06
6.04506e-06
6.17877e-06
6.26773e-06
6.31282e-06
6.31476e-06
6.27416e-06
6.19145e-06
6.06688e-06
5.90059e-06
5.69255e-06
5.44268e-06
5.15088e-06
4.81712e-06
4.44147e-06
4.02421e-06
3.56583e-06
3.06707e-06
2.52895e-06
1.95276e-06
1.3401e-06
6.92851e-07
1.32198e-08
-6.96272e-07
-1.4328e-06
-2.19326e-06
-2.97434e-06
-3.77254e-06
-4.58424e-06
-5.40578e-06
-6.23348e-06
-7.0638e-06
-7.89343e-06
-8.71942e-06
-9.53924e-06
-1.03508e-05
-1.11525e-05
-1.1943e-05
-1.27215e-05
-1.34876e-05
-1.42408e-05
-1.4981e-05
-1.5708e-05
-1.64216e-05
-1.71212e-05
-1.78063e-05
-1.84757e-05
-1.91284e-05
-1.9763e-05
-2.0378e-05
-2.09717e-05
-2.15423e-05
-2.20882e-05
-2.26074e-05
-2.30984e-05
-2.35595e-05
-2.3989e-05
-2.43855e-05
-2.47475e-05
-2.50739e-05
-2.53635e-05
-2.56152e-05
-2.58284e-05
-2.60023e-05
-2.61368e-05
-2.62319e-05
-2.6288e-05
-2.63056e-05
-2.62856e-05
-2.62292e-05
-2.61376e-05
-2.60122e-05
-2.58546e-05
-2.5666e-05
-2.54477e-05
-2.52007e-05
-2.49261e-05
-2.46245e-05
-2.42966e-05
-2.39428e-05
-2.35636e-05
-2.31593e-05
-2.27304e-05
-2.22776e-05
-2.18016e-05
-2.13033e-05
-2.07841e-05
-2.02453e-05
-1.96886e-05
-1.91159e-05
-1.85291e-05
-1.79304e-05
-1.73222e-05
-1.67067e-05
-1.60865e-05
-1.54639e-05
-1.48413e-05
-1.42213e-05
-1.36063e-05
-1.29984e-05
-1.24e-05
-1.18134e-05
-1.12404e-05
-1.06832e-05
-1.01436e-05
-9.62344e-06
-9.12423e-06
-8.64755e-06
-8.19476e-06
-7.76711e-06
-7.36569e-06
-6.99143e-06
-6.64506e-06
-6.32711e-06
-6.0379e-06
-5.77752e-06
-5.54586e-06
-5.34262e-06
-5.16735e-06
-5.01943e-06
-4.89816e-06
-4.80277e-06
-4.73248e-06
-4.68659e-06
-4.66448e-06
-4.66564e-06
-4.68968e-06
-4.73629e-06
-4.80522e-06
-4.89631e-06
-5.00935e-06
-5.14411e-06
-5.30022e-06
-5.47706e-06
-5.67377e-06
-5.8892e-06
-6.1219e-06
-6.37017e-06
-6.63207e-06
-6.9188e-06
-7.27574e-06
-7.74308e-06
-8.29386e-06
-8.86739e-06
-9.42039e-06
-9.92228e-06
-1.03525e-05
-1.06996e-05
-1.09587e-05
-1.11301e-05
-1.12176e-05
-1.12276e-05
-1.11677e-05
-1.10461e-05
-1.08709e-05
-1.06501e-05
-1.03906e-05
-1.00989e-05
-9.78036e-06
-9.43947e-06
-9.07996e-06
-8.70484e-06
-8.31647e-06
-7.91666e-06
-7.50684e-06
-7.08807e-06
-6.66121e-06
-6.22694e-06
-5.78583e-06
-5.33843e-06
-4.88527e-06
-4.42692e-06
-3.96399e-06
-3.49723e-06
-3.02748e-06
-2.5557e-06
-2.08296e-06
-1.61046e-06
-1.13947e-06
-6.71349e-07
-2.07498e-07
2.50661e-07
7.01722e-07
1.14435e-06
1.57731e-06
1.99947e-06
2.40986e-06
2.80761e-06
3.19202e-06
3.5625e-06
3.91857e-06
4.25988e-06
4.58612e-06
4.89703e-06
5.19236e-06
5.47187e-06
5.73531e-06
5.9824e-06
6.21285e-06
6.42638e-06
6.62268e-06
6.80145e-06
6.96243e-06
7.10539e-06
7.23014e-06
7.33658e-06
7.42465e-06
7.49438e-06
7.54586e-06
7.57924e-06
7.59474e-06
7.59262e-06
7.57319e-06
7.5368e-06
7.48381e-06
7.41459e-06
7.32955e-06
7.22908e-06
7.11361e-06
6.98354e-06
6.83932e-06
6.68139e-06
6.51021e-06
6.32626e-06
6.13005e-06
5.92211e-06
5.70301e-06
5.47333e-06
5.23371e-06
4.98479e-06
4.72727e-06
4.46185e-06
4.18924e-06
3.91018e-06
3.62537e-06
3.33551e-06
3.04128e-06
2.74334e-06
2.44232e-06
2.13884e-06
1.83348e-06
1.52684e-06
1.21952e-06
9.12156e-07
6.05454e-07
3.00171e-07
-2.86732e-09
-3.02775e-07
-5.9861e-07
-8.89388e-07
-1.1741e-06
-1.45172e-06
-1.72126e-06
-1.98181e-06
-2.23253e-06
-2.47271e-06
-2.70176e-06
-2.91921e-06
-3.12469e-06
-3.31798e-06
-3.49894e-06
-3.66753e-06
-3.82376e-06
-3.96771e-06
-4.09946e-06
-4.21912e-06
-4.32677e-06
-4.42251e-06
-4.50644e-06
-4.57862e-06
-4.63913e-06
-4.68802e-06
-4.72535e-06
-4.75116e-06
-4.76549e-06
-4.76837e-06
-4.75985e-06
-4.73996e-06
-4.70876e-06
-4.66629e-06
-4.61264e-06
-4.5479e-06
-4.4722e-06
-4.38573e-06
-4.2887e-06
-4.18143e-06
-4.06424e-06
-3.93756e-06
-3.80186e-06
-3.65764e-06
-3.50547e-06
-3.34597e-06
-3.17976e-06
-3.00747e-06
-2.82977e-06
-2.64727e-06
-2.46061e-06
-2.27039e-06
-2.0772e-06
-1.88159e-06
-1.6841e-06
-1.48523e-06
-1.28549e-06
-1.08534e-06
-8.85219e-07
-6.85562e-07
-4.8678e-07
-2.89267e-07
-9.3406e-08
1.00439e-07
2.91915e-07
4.80677e-07
6.66383e-07
8.48682e-07
1.02721e-06
1.20157e-06
1.37138e-06
1.53621e-06
1.69561e-06
1.84913e-06
1.99633e-06
2.13673e-06
2.2699e-06
2.39548e-06
2.51312e-06
2.62257e-06
2.72366e-06
2.8163e-06
2.90046e-06
2.9762e-06
3.04363e-06
3.10293e-06
3.15428e-06
3.19787e-06
3.23387e-06
3.26241e-06
3.28356e-06
3.29737e-06
3.30382e-06
3.29968e-06
3.27038e-06
3.19585e-06
3.07506e-06
2.92658e-06
2.76593e-06
2.60289e-06
2.44531e-06
2.29756e-06
2.16223e-06
2.0401e-06
1.93078e-06
1.8331e-06
1.74532e-06
1.66553e-06
1.59173e-06
1.52202e-06
1.45467e-06
1.38821e-06
1.32143e-06
1.25338e-06
1.18339e-06
1.11101e-06
1.03601e-06
9.58335e-07
8.78066e-07
7.95398e-07
7.1061e-07
6.24033e-07
5.36034e-07
4.46996e-07
3.57306e-07
2.67339e-07
1.7746e-07
8.8008e-08
-6.96668e-10
-8.83621e-08
-1.74717e-07
-2.59518e-07
-3.42538e-07
-4.23576e-07
-5.02445e-07
-5.78976e-07
-6.53014e-07
-7.24418e-07
-7.93056e-07
-8.58809e-07
-9.21566e-07
-9.81226e-07
-1.03769e-06
-1.09089e-06
-1.14073e-06
-1.18714e-06
-1.23008e-06
-1.26948e-06
-1.30529e-06
-1.33749e-06
-1.36604e-06
-1.39093e-06
-1.41213e-06
-1.42966e-06
-1.44351e-06
-1.45371e-06
-1.46027e-06
-1.46322e-06
-1.46261e-06
-1.45849e-06
-1.4509e-06
-1.43992e-06
-1.42561e-06
-1.40805e-06
-1.38733e-06
-1.36354e-06
-1.33678e-06
-1.30715e-06
-1.27476e-06
-1.23972e-06
-1.20216e-06
-1.16219e-06
-1.11995e-06
-1.07557e-06
-1.02919e-06
-9.80935e-07
-9.30954e-07
-8.79391e-07
-8.26389e-07
-7.72096e-07
-7.1666e-07
-6.60229e-07
-6.02953e-07
-5.44982e-07
-4.86464e-07
-4.27547e-07
-3.68378e-07
-3.09105e-07
-2.49871e-07
-1.90818e-07
-1.32087e-07
-7.38142e-08
-1.61348e-08
4.08201e-08
9.69228e-08
1.52049e-07
2.0608e-07
2.58898e-07
3.10393e-07
3.60458e-07
4.08991e-07
4.55896e-07
5.0108e-07
5.44458e-07
5.8595e-07
6.25479e-07
6.62977e-07
6.9838e-07
7.3163e-07
7.62676e-07
7.91472e-07
8.17979e-07
8.42162e-07
8.63995e-07
8.83455e-07
9.00528e-07
9.15203e-07
9.27477e-07
9.37352e-07
9.44836e-07
9.49943e-07
9.52692e-07
9.53107e-07
9.51219e-07
9.47062e-07
9.40676e-07
9.32107e-07
9.21403e-07
9.08619e-07
8.93814e-07
8.7705e-07
8.58392e-07
8.37912e-07
8.15682e-07
7.9178e-07
7.66285e-07
7.3928e-07
7.10849e-07
6.81081e-07
6.50065e-07
6.17891e-07
5.84654e-07
5.50447e-07
5.15365e-07
4.79505e-07
4.42963e-07
4.05837e-07
3.68224e-07
3.3022e-07
2.91924e-07
2.5343e-07
2.14835e-07
1.76232e-07
1.37716e-07
9.93773e-08
6.13064e-08
2.35916e-08
-1.3681e-08
-5.04273e-08
-8.65656e-08
-1.22017e-07
-1.56705e-07
-1.90556e-07
-2.23499e-07
-2.55467e-07
-2.86397e-07
-3.16226e-07
-3.44898e-07
-3.72359e-07
-3.98559e-07
-4.23451e-07
-4.46992e-07
-4.69144e-07
-4.89871e-07
-5.09143e-07
-5.26933e-07
-5.43216e-07
-5.57974e-07
-5.71191e-07
-5.82856e-07
-5.92961e-07
-6.01502e-07
-6.08481e-07
-6.13899e-07
-6.17766e-07
-6.20092e-07
-6.20891e-07
-6.20184e-07
-6.1799e-07
-6.14335e-07
-6.09247e-07
-6.02757e-07
-5.949e-07
-5.85712e-07
-5.75234e-07
-5.63507e-07
-5.50577e-07
-5.3649e-07
-5.21297e-07
-5.05047e-07
-4.87795e-07
-4.69594e-07
-4.50503e-07
-4.30577e-07
-4.09877e-07
-3.88463e-07
-3.66396e-07
-3.43737e-07
-3.20549e-07
-2.96896e-07
-2.72839e-07
-2.48443e-07
-2.23771e-07
-1.98886e-07
-1.7385e-07
-1.48727e-07
-1.23578e-07
-9.84631e-08
-7.34436e-08
-4.85781e-08
-2.39247e-08
4.60175e-10
2.45212e-08
4.82046e-08
7.14583e-08
9.42319e-08
1.16477e-07
1.38147e-07
1.59196e-07
1.79584e-07
1.99268e-07
2.18212e-07
2.36378e-07
2.53734e-07
2.70249e-07
2.85893e-07
3.00641e-07
3.14469e-07
3.27356e-07
3.39282e-07
3.50233e-07
3.60194e-07
3.69155e-07
3.77107e-07
3.84045e-07
3.89965e-07
3.94866e-07
3.9875e-07
4.01621e-07
4.03486e-07
4.04353e-07
4.04234e-07
4.03142e-07
4.01092e-07
3.98102e-07
3.94191e-07
3.89382e-07
3.83698e-07
3.77164e-07
3.69807e-07
3.61655e-07
3.52739e-07
3.43091e-07
3.32743e-07
3.2173e-07
3.10087e-07
2.9785e-07
2.85057e-07
2.71746e-07
2.57956e-07
2.43726e-07
2.29097e-07
2.14109e-07
1.98804e-07
1.83221e-07
1.67403e-07
1.51391e-07
1.35226e-07
1.18948e-07
1.02599e-07
8.62195e-08
6.98486e-08
5.35258e-08
3.72901e-08
2.11793e-08
5.23075e-09
-1.05194e-08
-2.60357e-08
-4.12838e-08
-5.62306e-08
-7.0844e-08
-8.50931e-08
-9.89485e-08
-1.12382e-07
-1.25366e-07
-1.37877e-07
-1.49889e-07
-1.61381e-07
-1.72332e-07
-1.82722e-07
-1.92535e-07
-2.01753e-07
-2.10362e-07
-2.18351e-07
-2.25707e-07
-2.32421e-07
-2.38487e-07
-2.43897e-07
-2.48647e-07
-2.52735e-07
-2.56159e-07
-2.5892e-07
-2.61021e-07
-2.62464e-07
-2.63255e-07
-2.63401e-07
-2.6291e-07
-2.61792e-07
-2.60057e-07
-2.57718e-07
-2.54788e-07
-2.51283e-07
-2.47219e-07
-2.42612e-07
-2.37481e-07
-2.31845e-07
-2.25725e-07
-2.19142e-07
-2.12117e-07
-2.04674e-07
-1.96836e-07
-1.88627e-07
-1.80072e-07
-1.71196e-07
-1.62024e-07
-1.52584e-07
-1.429e-07
-1.33e-07
-1.2291e-07
-1.12657e-07
-1.02269e-07
-9.17712e-08
-8.11912e-08
-7.05555e-08
-5.98904e-08
-4.9222e-08
-3.85762e-08
-2.79783e-08
-1.74531e-08
-7.02524e-09
3.28159e-09
1.34441e-08
2.34397e-08
3.32464e-08
4.28432e-08
5.22097e-08
6.13263e-08
7.01744e-08
7.87361e-08
8.69947e-08
9.49342e-08
1.0254e-07
1.09797e-07
1.16694e-07
1.23218e-07
1.29359e-07
1.35106e-07
1.40452e-07
1.45388e-07
1.49909e-07
1.54008e-07
1.57681e-07
1.60926e-07
1.63739e-07
1.66121e-07
1.6807e-07
1.69589e-07
1.70678e-07
1.71342e-07
1.71583e-07
1.71408e-07
1.70821e-07
1.69831e-07
1.68444e-07
1.66669e-07
1.64516e-07
1.61994e-07
1.59116e-07
1.55892e-07
1.52334e-07
1.48457e-07
1.44273e-07
1.39796e-07
1.35041e-07
1.30024e-07
1.2476e-07
1.19264e-07
1.13554e-07
1.07645e-07
1.01555e-07
9.53011e-08
8.88999e-08
8.2369e-08
7.5726e-08
6.89883e-08
6.21734e-08
5.52988e-08
4.83818e-08
4.14398e-08
3.44897e-08
2.75484e-08
2.06326e-08
1.37585e-08
6.9423e-09
1.99541e-10
-6.45446e-09
-1.30048e-08
-1.94371e-08
-2.57374e-08
-3.18923e-08
-3.78888e-08
-4.37146e-08
-4.93578e-08
-5.48074e-08
-6.00526e-08
-6.50837e-08
-6.98912e-08
-7.44666e-08
-7.88018e-08
-8.28897e-08
-8.67235e-08
-9.02976e-08
-9.36066e-08
-9.66461e-08
-9.94123e-08
-1.01902e-07
-1.04113e-07
-1.06044e-07
-1.07694e-07
-1.09062e-07
-1.10149e-07
-1.10956e-07
-1.11485e-07
-1.11738e-07
-1.11718e-07
-1.1143e-07
-1.10876e-07
-1.10062e-07
-1.08994e-07
-1.07677e-07
-1.06118e-07
-1.04323e-07
-1.02301e-07
-1.00059e-07
-9.76048e-08
-9.49482e-08
-9.20978e-08
-8.9063e-08
-8.58537e-08
-8.24798e-08
-7.89516e-08
-7.52799e-08
-7.14751e-08
-6.75484e-08
-6.35108e-08
-5.93735e-08
-5.51478e-08
-5.08451e-08
-4.64767e-08
-4.2054e-08
-3.75885e-08
-3.30914e-08
-2.85741e-08
-2.40477e-08
-1.95232e-08
-1.50115e-08
-1.05233e-08
-6.06912e-09
-1.65929e-09
2.69618e-09
6.9875e-09
1.12052e-08
1.534e-08
1.93831e-08
2.3326e-08
2.71604e-08
3.08786e-08
3.44731e-08
3.7937e-08
4.12635e-08
4.44465e-08
4.74801e-08
5.03592e-08
5.30787e-08
5.56342e-08
5.80218e-08
6.02378e-08
6.22793e-08
6.41436e-08
6.58285e-08
6.73324e-08
6.86541e-08
6.97927e-08
7.07479e-08
7.15199e-08
7.21093e-08
7.2517e-08
7.27444e-08
7.27934e-08
7.26662e-08
7.23655e-08
7.18943e-08
7.1256e-08
7.04543e-08
6.94933e-08
6.83775e-08
6.71116e-08
6.57006e-08
6.41499e-08
6.2465e-08
6.06518e-08
5.87163e-08
5.66649e-08
5.4504e-08
5.22402e-08
4.98805e-08
4.74317e-08
4.4901e-08
4.22955e-08
3.96225e-08
3.68894e-08
3.41034e-08
3.12721e-08
2.84029e-08
2.55032e-08
2.25803e-08
1.96417e-08
1.66946e-08
1.37463e-08
1.08038e-08
7.87426e-09
4.96449e-09
2.08126e-09
-7.68829e-10
-3.57934e-09
-6.34402e-09
-9.05681e-09
-1.17119e-08
-1.43035e-08
-1.68264e-08
-1.92753e-08
-2.16453e-08
-2.39318e-08
-2.61303e-08
-2.82367e-08
-3.02471e-08
-3.2158e-08
-3.3966e-08
-3.56682e-08
-3.72619e-08
-3.87447e-08
-4.01144e-08
-4.13692e-08
-4.25077e-08
-4.35286e-08
-4.4431e-08
-4.52144e-08
-4.58784e-08
-4.64229e-08
-4.68483e-08
-4.71552e-08
-4.73442e-08
-4.74166e-08
-4.73737e-08
-4.72171e-08
-4.69488e-08
-4.65708e-08
-4.60855e-08
-4.54955e-08
-4.48037e-08
-4.40129e-08
-4.31265e-08
-4.21478e-08
-4.10805e-08
-3.99282e-08
-3.86949e-08
-3.73846e-08
-3.60016e-08
-3.455e-08
-3.30343e-08
-3.1459e-08
-2.98287e-08
-2.81481e-08
-2.64218e-08
-2.46547e-08
-2.28516e-08
-2.10171e-08
-1.91563e-08
-1.7274e-08
-1.53749e-08
-1.34638e-08
-1.15456e-08
-9.62492e-09
-7.70647e-09
-5.79482e-09
-3.8945e-09
-2.00995e-09
-1.45488e-10
1.69464e-09
3.50634e-09
5.28559e-09
7.02856e-09
8.7315e-09
1.03909e-08
1.20032e-08
1.35652e-08
1.50739e-08
1.65263e-08
1.79196e-08
1.92512e-08
2.05188e-08
2.17201e-08
2.28532e-08
2.39161e-08
2.49074e-08
2.58254e-08
2.6669e-08
2.74372e-08
2.8129e-08
2.87439e-08
2.92813e-08
2.97409e-08
3.01228e-08
3.0427e-08
3.06538e-08
3.08037e-08
3.08773e-08
3.08755e-08
3.07993e-08
3.06498e-08
3.04284e-08
3.01366e-08
2.97759e-08
2.93482e-08
2.88555e-08
2.82996e-08
2.76829e-08
2.70076e-08
2.62761e-08
2.5491e-08
2.46547e-08
2.37701e-08
2.28399e-08
2.18669e-08
2.0854e-08
1.98043e-08
1.87208e-08
1.76064e-08
1.64643e-08
1.52976e-08
1.41095e-08
1.29031e-08
1.16816e-08
1.0448e-08
9.20562e-09
7.95746e-09
6.70662e-09
5.45617e-09
4.20912e-09
2.96842e-09
1.73698e-09
5.17657e-10
-6.86778e-10
-1.87362e-09
-3.04023e-09
-4.18407e-09
-5.30268e-09
-6.3937e-09
-7.45486e-09
-8.484e-09
-9.47907e-09
-1.04381e-08
-1.13593e-08
-1.22409e-08
-1.30813e-08
-1.3879e-08
-1.46327e-08
-1.53412e-08
-1.60033e-08
-1.6618e-08
-1.71846e-08
-1.77022e-08
-1.81702e-08
-1.85883e-08
-1.8956e-08
-1.92731e-08
-1.95396e-08
-1.97554e-08
-1.99207e-08
-2.00358e-08
-2.01011e-08
-2.0117e-08
-2.00842e-08
-2.00035e-08
-1.98755e-08
-1.97013e-08
-1.9482e-08
-1.92185e-08
-1.89122e-08
-1.85644e-08
-1.81764e-08
-1.77497e-08
-1.72858e-08
-1.67864e-08
-1.62532e-08
-1.56878e-08
-1.5092e-08
-1.44678e-08
-1.38169e-08
-1.31414e-08
-1.24431e-08
-1.1724e-08
-1.09862e-08
-1.02316e-08
-9.46238e-09
-8.68051e-09
-7.88806e-09
-7.08707e-09
-6.2796e-09
-5.46768e-09
-4.65332e-09
-3.83851e-09
-3.02524e-09
-2.21543e-09
-1.41101e-09
-6.13821e-10
1.74292e-10
9.51554e-10
1.71623e-09
2.46665e-09
3.2012e-09
3.9183e-09
4.61646e-09
5.29424e-09
5.9503e-09
6.58332e-09
7.19209e-09
7.77546e-09
8.33236e-09
8.86179e-09
9.36285e-09
9.83471e-09
1.02766e-08
1.06879e-08
1.10679e-08
1.14163e-08
1.17325e-08
1.20162e-08
1.22672e-08
1.24853e-08
1.26704e-08
1.28225e-08
1.29416e-08
1.3028e-08
1.30818e-08
1.31034e-08
1.30931e-08
1.30513e-08
1.29787e-08
1.28757e-08
1.2743e-08
1.25814e-08
1.23915e-08
