0
0
0
0
0
0
0
0
0
0
0
0
0
0
0
0
0
0
0
0
0
0
0
0
0
0
0
0
0
0
0
0
0
0
0
0
0
0
0
0
0
0
0
0
0
0
0
0
0
0
0
0
0
0
0
0
0
0
0
0
0
0
0
0
0
0
0
0
0
0
0
0
0
0
0
0
0
0
0
0
0
0
0
0
0
0
0
0
0
0
0
0
0
0
0
0
0
0
0
0
0
0
0
0
0
0
0
0
0
0
0
0
0
0
0
0
0
0
0
0
0
0
0
0
0
0
0
0
0
0
0
0
0
0
0
0
0
0
0
0
0
0
0
0
0
0
0
0
0
0
0
0
0
0
0
0
0
0
0
0
0
0
0
0
0
0
0
0
0
0
0
0
0
0
0
0
0
0
0
0
0
0
0
0
0
0
0
0
0
0
0
0
0
0
0
0
0
0
0
0
0
0
0
0
0
0
0
0
0
0
0
0
0
0
0
0
0
0
0
0
0
0
0
0
0
0
0
0
0
0
0
0
0
0
0
0
0
0
0
0
0
0
0
0
0
0
0
0
0
0
0
0
0
0
0
0
0
0
0
0
0
0
0
0
0
0
0
0
0
0
0
0
0
0
0
0
0
0
0
0
0
0
0
0
0
0
0
0
0
0
0
0
0
0
0
0
0
0
0
0
0
0
0
0
0
0
0
0
0
0
0
0
0
0
0
0
0
0
0
0
0
0
0
0
0
0
0
0
0
0
0
0
0
0
0
0
0
0
0
0
0
0
0
0
0
0
0
0
0
0
0
0
0
0
0
0
0
0
0
0
0
0
0
0
0
0
0
0
0
0
0
0
0
0
0
0
0
0
0
0
0
0
0
0
0
0
0
0
0
0
0
0
0
0
0
0
0
0
0
0
0
0
0
0
0
0
0
0
0
0
0
0
0
0
0
0
0
0
0
0
0
0
0
0
0
0
0
0
0
0
0
0
0
0
0
0
0
0
0
0
0
0
0
0
0
0
0
0
0
0
0
0
0
0
0
0
0
0
0
0
0
0
0
0
0
0
0
0
0
0
0
0
0
0
0
0
0
0
0
0
0
0
0
0
0
0
0
0
0
0
0
0
0
0
0
0
0
0
0
0
0
0
0
0
0
0
0
0
0
0
0
0
0
0
0
0
0
0
0
0
0
0
0
0
0
0
0
0
0
0
0
0
0
0
0
0
0
0
0
0
0
0
0
0
0
0
0
0
0
0
0
0
0
0
0
0
0
0
0
0
0
0
0
0
0
0
0
0
0
0
0
0
0
0
0
0
0
0
0
0
0
0
0
0
0
0
0
0
0
0
0
0
0
0
0
0
0
0
0
0
0
0
0
0
0
0
0
0
0
0
0
0
0
0
0
0
0
0
0
0
0
0
0
0
0
0
0
0
0
0
0
0
0
0
0
0
0
0
0
0
0
0
0
0
0
0
0
0
0
0
0
0
0
0
0
0
0
0
0
0
0
0
0
0
0
0
0
0
0
0
0
0
0
0
0
0
0
0
0
0
0
0
0
0
0
0
0
0
0
0
0
0
0
0
0
0
0
0
0
0
0
0
0
0
0
0
0
0
0
0
0
0
0
0
0
0
0
0
0
0
0
0
0
0
0
0
0
0
0
0
0
0
0
0
0
0
0
0
0
0
0
0
0
0
0
0
0
0
0
0
0
0
0
0
0
0
0
0
0
0
0
0
0
0
0
0
0
0
0
0
0
0
0
0
0
0
0
0
0
0
0
0
0
0
0
0
0
0
0
0
0
0
0
0
0
0
0
0
0
0
0
0
0
0
0
0
0
0
0
0
0
0
0
0
0
0
0
0
0
0
0
0
0
0
0
0
0
0
0
0
0
0
0
0
0
0
0
0
0
0
0
0
0
0
0
0
0
0
0
0
0
0
0
0
0
0
0
0
0
0
0
0
0
0
0
0
0
0
0
0
0
0
0
0
0
0
0
0
0
5.56795e-07
1.34732e-06
1.72015e-06
4.32655e-06
1.03962e-05
1.85294e-05
2.85622e-05
3.98716e-05
5.1992e-05
6.45716e-05
7.72153e-05
8.97298e-05
0.000101863
0.000113532
0.000124611
0.000135091
0.000144933
0.000154167
0.000162806
0.000170894
0.000178464
0.00018556
0.000192216
0.000198465
0.000204335
0.000209848
0.000215025
0.000219879
0.000224428
0.000228682
0.000232657
0.000236365
0.000239825
0.000243049
0.000246061
0.000248876
0.000251515
0.000253994
0.000256328
0.000258527
0.000260601
0.000262553
0.000264385
0.000266093
0.000267671
0.000269108
0.000270393
0.000271511
0.000272445
0.000273178
0.000273694
0.000273976
0.000274005
0.000273768
0.000273249
0.000272438
0.000271324
0.000269903
0.000268171
0.00026613
0.000263784
0.000261142
0.000258214
0.000255011
0.00025155
0.000247845
0.00024391
0.000239759
0.000235405
0.000230855
0.000226117
0.000221194
0.000216088
0.000210797
0.000205317
0.000199645
0.000193775
0.000187702
0.00018142
0.000174925
0.000168215
0.000161288
0.000154145
0.000146789
0.000139223
0.000131454
0.000123491
0.000115344
0.000107025
9.8548e-05
8.99275e-05
8.11804e-05
7.23238e-05
6.33757e-05
5.43543e-05
4.52779e-05
3.61647e-05
2.70322e-05
1.78976e-05
8.77699e-06
-3.14467e-07
-9.3627e-06
-1.83548e-05
-2.72793e-05
-3.6126e-05
-4.4886e-05
-5.35517e-05
-6.21169e-05
-7.05769e-05
-7.89278e-05
-8.71673e-05
-9.52941e-05
-0.000103308
-0.000111209
-0.000118998
-0.000126677
-0.000134249
-0.000141716
-0.000149081
-0.000156348
-0.000163518
-0.000170597
-0.000177586
-0.000184488
-0.000191303
-0.000198034
-0.000204679
-0.000211238
-0.000217709
-0.000224089
-0.000230372
-0.000236554
-0.000242628
-0.000248588
-0.000254425
-0.000260131
-0.000265698
-0.000271116
-0.000276377
-0.000281471
-0.00028639
-0.000291126
-0.00029567
-0.000300016
-0.000304158
-0.000308091
-0.000311811
-0.000315313
-0.000318596
-0.000321658
-0.000324498
-0.000327116
-0.000329509
-0.000331676
-0.000333613
-0.000335316
-0.000336781
-0.000338003
-0.000338978
-0.0003397
-0.000340164
-0.000340365
-0.000340301
-0.000339977
-0.000339399
-0.000338577
-0.00033752
-0.000336242
-0.000334755
-0.000333073
-0.00033121
-0.000329183
-0.000326999
-0.000324664
-0.000322176
-0.000319533
-0.000316729
-0.000313761
-0.000310621
-0.000307305
-0.000303805
-0.000300116
-0.000296239
-0.000292178
-0.000287945
-0.000283553
-0.000279017
-0.000274349
-0.000269564
-0.000264676
-0.000259696
-0.000254636
-0.000249502
-0.00024429
-0.000238994
-0.000233605
-0.000228112
-0.000222506
-0.000216777
-0.000210917
-0.000200035
-0.000181705
-0.000166659
-0.000158383
-0.000152268
-0.000148243
-0.000144907
-0.000141856
-0.0001387
-0.00013521
-0.000131385
-0.000127138
-0.000122605
-0.000117757
-0.000112751
-0.00010757
-0.000102354
-9.7081e-05
-9.18576e-05
-8.66541e-05
-8.15455e-05
-7.64936e-05
-7.15348e-05
-6.66092e-05
-6.17156e-05
-5.67888e-05
-5.18146e-05
-4.67382e-05
-4.15459e-05
-3.62006e-05
-3.06962e-05
-2.50184e-05
-1.91856e-05
-1.32263e-05
-7.19086e-06
-1.1324e-06
4.89132e-06
1.08222e-05
1.66073e-05
2.21933e-05
2.75373e-05
3.25947e-05
3.73336e-05
4.17182e-05
4.57272e-05
4.93349e-05
5.25314e-05
5.53015e-05
5.76467e-05
5.95626e-05
6.10615e-05
6.21524e-05
6.28692e-05
6.32505e-05
6.33555e-05
6.32366e-05
6.29565e-05
6.25649e-05
6.21162e-05
6.1649e-05
6.12041e-05
6.08034e-05
6.0462e-05
6.01695e-05
5.99116e-05
5.96595e-05
5.93887e-05
5.90672e-05
5.86717e-05
5.8175e-05
5.75603e-05
5.6811e-05
5.59273e-05
5.49162e-05
5.37985e-05
5.25936e-05
5.1327e-05
5.00182e-05
4.86887e-05
4.73518e-05
4.60206e-05
4.4697e-05
4.3374e-05
4.20266e-05
4.06247e-05
3.91317e-05
3.75152e-05
3.57432e-05
3.37915e-05
3.16393e-05
2.92755e-05
2.66955e-05
2.39128e-05
2.09553e-05
1.78628e-05
1.46767e-05
1.14392e-05
8.18715e-06
4.95332e-06
1.76213e-06
-1.36763e-06
-4.42798e-06
-7.42308e-06
-1.03726e-05
-1.33039e-05
-1.62487e-05
-1.92377e-05
-2.23001e-05
-2.54598e-05
-2.87369e-05
-3.21447e-05
-3.5691e-05
-3.93736e-05
-4.31818e-05
-4.70982e-05
-5.11029e-05
-5.51744e-05
-5.92921e-05
-6.34366e-05
-6.75908e-05
-7.17395e-05
-7.58709e-05
-7.99758e-05
-8.40487e-05
-8.80862e-05
-9.2087e-05
-9.60502e-05
-9.99763e-05
-0.000103866
-0.000107719
-0.000111538
-0.000115323
-0.000119074
-0.000122789
-0.000126468
-0.000130109
-0.000133713
-0.000137281
-0.000140816
-0.000144323
-0.000147807
-0.000151278
-0.000154749
-0.000158241
-0.000161776
-0.000165377
-0.000169062
-0.000172847
-0.000176741
-0.000180749
-0.000184867
-0.000189085
-0.000193381
-0.000197717
-0.000202051
-0.000206334
-0.00021052
-0.000214566
-0.000218432
-0.000222088
-0.000225508
-0.000228679
-0.000231599
-0.000234282
-0.000236751
-0.000239037
-0.000241172
-0.000243191
-0.000245126
-0.000247007
-0.000248861
-0.000250708
-0.000252566
-0.000254446
-0.000256353
-0.000258287
-0.000260241
-0.000262206
-0.000264166
-0.000266102
-0.00026799
-0.000269802
-0.0002715
-0.000273034
-0.000274352
-0.000275404
-0.000276146
-0.000276546
-0.000276582
-0.000276247
-0.000275547
-0.000274508
-0.000273183
-0.000271654
-0.000270022
-0.00026839
-0.000266856
-0.000265506
-0.000264408
-0.000263611
-0.000256488
-0.000253308
-0.000265901
-0.000279154
-0.000291884
-0.000304567
-0.000315026
-0.000324579
-0.000331854
-0.000338055
-0.000342461
-0.000345995
-0.00034835
-0.000350198
-0.000351459
-0.000352568
-0.000353523
-0.000354562
-0.000355698
-0.000357021
-0.000358533
-0.000360218
-0.00036205
-0.000363928
-0.000365806
-0.000367558
-0.000369147
-0.000370455
-0.000371471
-0.000372101
-0.00037236
-0.000372187
-0.00037163
-0.000370666
-0.000369364
-0.000367719
-0.000365806
-0.000363622
-0.000361234
-0.00035864
-0.000355334
-0.000351658
-0.000348277
-0.000342393
-0.000332783
-0.000320881
-0.00030689
-0.000291456
-0.000275104
-0.000258217
-0.000241261
-0.000224478
-0.000208214
-0.000192628
-0.000177948
-0.000164253
-0.000151655
-0.000140157
-0.000129781
-0.000120474
-0.000112188
-0.000104827
-9.82836e-05
-9.24142e-05
-8.70802e-05
-8.21367e-05
-7.74543e-05
-7.29121e-05
-6.84079e-05
-6.38546e-05
-5.9183e-05
-5.43414e-05
-4.92964e-05
-4.40323e-05
-3.85464e-05
-3.285e-05
-2.69651e-05
-2.09252e-05
-1.47728e-05
-8.56033e-06
-2.34746e-06
3.79547e-06
9.78724e-06
1.55369e-05
2.09528e-05
2.5946e-05
3.0436e-05
3.43516e-05
3.76342e-05
4.02377e-05
4.213e-05
4.32928e-05
4.37222e-05
4.34283e-05
4.24341e-05
4.07745e-05
3.84961e-05
3.5656e-05
3.23215e-05
2.85683e-05
2.44808e-05
2.01522e-05
1.56877e-05
1.11996e-05
6.80024e-06
2.59512e-06
-1.3211e-06
-4.86795e-06
-7.98066e-06
-1.06116e-05
-1.27301e-05
-1.43244e-05
-1.54019e-05
-1.59876e-05
-1.61181e-05
-1.58381e-05
-1.51966e-05
-1.42453e-05
-1.30362e-05
-1.16206e-05
-1.00484e-05
-8.36778e-06
-6.62424e-06
-4.86134e-06
-3.11933e-06
-1.43593e-06
1.54729e-07
1.62117e-06
2.93542e-06
4.07202e-06
5.0088e-06
5.72569e-06
6.20529e-06
6.43174e-06
6.39195e-06
6.07452e-06
5.47085e-06
4.57402e-06
3.37994e-06
1.88627e-06
9.35417e-08
-1.99487e-06
-4.37042e-06
-7.0217e-06
-9.93647e-06
-1.31047e-05
-1.65192e-05
-2.01768e-05
-2.40787e-05
-2.82306e-05
-3.26424e-05
-3.73294e-05
-4.23125e-05
-4.76173e-05
-5.32701e-05
-5.92963e-05
-6.57177e-05
-7.25521e-05
-7.98121e-05
-8.75049e-05
-9.56316e-05
-0.000104187
-0.000113156
-0.000122519
-0.00013225
-0.000142322
-0.000152709
-0.000163387
-0.000174335
-0.000185533
-0.000196967
-0.00020863
-0.000220522
-0.000232652
-0.000245029
-0.000257661
-0.000270551
-0.000283695
-0.000297081
-0.000310692
-0.000324498
-0.000338466
-0.00035255
-0.000366698
-0.000380853
-0.000394955
-0.000408939
-0.000422742
-0.000436299
-0.000449544
-0.000462413
-0.000474842
-0.000486765
-0.000498117
-0.000508833
-0.000518846
-0.000528093
-0.00053651
-0.000544038
-0.00055062
-0.000571414
-0.000610572
-0.000644366
-0.000664151
-0.000679005
-0.00068645
-0.000688372
-0.000686314
-0.000680572
-0.000673201
-0.000664055
-0.000654876
-0.0006453
-0.000636599
-0.000628252
-0.0006211
-0.000614538
-0.000609081
-0.000604113
-0.000599933
-0.000595967
-0.000592384
-0.00058869
-0.000585003
-0.000580963
-0.000576701
-0.000572001
-0.00056703
-0.000561701
-0.000556215
-0.000550591
-0.000545053
-0.000539694
-0.000534725
-0.000530236
-0.000526365
-0.000523159
-0.000520664
-0.000518871
-0.000517737
-0.000512084
-0.000499239
-0.000490306
-0.000488777
-0.000489717
-0.000492907
-0.000496821
-0.000500934
-0.000504845
-0.000508268
-0.00051127
-0.000513766
-0.00051602
-0.000518036
-0.000520111
-0.000522243
-0.00052468
-0.000527374
-0.000530499
-0.000533954
-0.000537835
-0.000541993
-0.000546445
-0.000550991
-0.000555596
-0.000560051
-0.000564314
-0.000568201
-0.000571688
-0.000574632
-0.000577037
-0.000578811
-0.000580006
-0.000580599
-0.000580698
-0.000580324
-0.000579609
-0.000578597
-0.000577426
-0.000576143
-0.000574882
-0.000573686
-0.000572677
-0.000571886
-0.000571405
-0.000571225
-0.000571393
-0.000571854
-0.000572603
-0.000573536
-0.000574597
-0.000575633
-0.000576532
-0.000577091
-0.000577172
-0.00057658
-0.000575202
-0.000572889
-0.000569579
-0.000565182
-0.000559702
-0.000553115
-0.000545496
-0.000536895
-0.000527437
-0.000517201
-0.00050632
-0.000494871
-0.000482975
-0.00047069
-0.000458116
-0.000445285
-0.000432265
-0.000419046
-0.000405649
-0.000392028
-0.000378167
-0.000363992
-0.000349466
-0.000334495
-0.000319023
-0.000302946
-0.00028621
-0.000268743
-0.000250558
-0.000231666
-0.000212164
-0.000192154
-0.00017182
-0.000151344
-0.000130986
-0.000110996
-9.16775e-05
-7.32837e-05
-5.60713e-05
-4.02204e-05
-2.58993e-05
-1.31942e-05
-2.1768e-06
7.16042e-06
1.48366e-05
2.09422e-05
2.55643e-05
2.8828e-05
3.08244e-05
3.16633e-05
3.14122e-05
3.01522e-05
2.7922e-05
2.47734e-05
2.07191e-05
1.57868e-05
9.97492e-06
3.31271e-06
-4.18214e-06
-1.24531e-05
-2.14509e-05
-3.10876e-05
-4.12832e-05
-5.19222e-05
-6.28993e-05
-7.40785e-05
-8.5339e-05
-9.65428e-05
-0.000107581
-0.000118341
-0.000128743
-0.000138707
-0.000148191
-0.000157152
-0.000165583
-0.000173475
-0.000180852
-0.000187723
-0.000194107
-0.000200001
-0.000205405
-0.000210291
-0.000214631
-0.000218371
-0.000221457
-0.000223811
-0.000225366
-0.00022606
-0.000225873
-0.000224809
-0.000222924
-0.000220305
-0.00021709
-0.000213442
-0.000209573
-0.000205714
-0.000202121
-0.00019902
-0.000196601
-0.000194983
-0.000194232
-0.000194329
-0.000195197
-0.000196681
-0.000218914
-0.000253685
-0.000270418
-0.000278682
-0.000284162
-0.000284251
-0.00028097
-0.00027427
-0.000265448
-0.000254936
-0.000243768
-0.000232482
-0.000221831
-0.000212298
-0.000204289
-0.000198146
-0.000193959
-0.00019192
-0.000191879
-0.000193904
-0.000197684
-0.000203192
-0.000210022
-0.000218092
-0.00022698
-0.000236613
-0.000246615
-0.000256958
-0.000267335
-0.000277768
-0.000288023
-0.000298174
-0.000308069
-0.000317844
-0.000327414
-0.000336924
-0.000346292
-0.000355626
-0.000364816
-0.000373906
-0.000376701
-0.000382975
-0.000403039
-0.000422018
-0.000438927
-0.000454378
-0.000466355
-0.000476404
-0.00048336
-0.000488711
-0.000491999
-0.000494478
-0.000496139
-0.000497981
-0.00050018
-0.000503434
-0.000507926
-0.000514065
-0.000521964
-0.000531786
-0.000543549
-0.000557219
-0.000572704
-0.000589809
-0.000608355
-0.000628056
-0.000648692
-0.00066993
-0.000691532
-0.000713142
-0.000734515
-0.00075529
-0.000775241
-0.000794056
-0.000811571
-0.000827541
-0.000841867
-0.000854373
-0.000865023
-0.000873706
-0.000880442
-0.000885177
-0.000887976
-0.000888831
-0.000887858
-0.000885114
-0.000880789
-0.000875017
-0.000868065
-0.000860147
-0.000851607
-0.000842734
-0.000833929
-0.000825504
-0.000817823
-0.00081112
-0.000805647
-0.000801505
-0.000798801
-0.000797489
-0.000797526
-0.000798718
-0.000800883
-0.000803723
-0.000806996
-0.000810387
-0.000813666
-0.000816554
-0.000818868
-0.000820384
-0.000820976
-0.000820483
-0.000818848
-0.000815979
-0.000811895
-0.000806576
-0.000800105
-0.000792531
-0.000783998
-0.000774614
-0.00076458
-0.000754057
-0.000743288
-0.000732453
-0.000721784
-0.000711426
-0.000701556
-0.000692258
-0.000683639
-0.00067571
-0.000668507
-0.00066197
-0.000656075
-0.000650717
-0.000645844
-0.000641333
-0.000637118
-0.000633069
-0.000629116
-0.000625126
-0.000621028
-0.000616684
-0.000612016
-0.000606883
-0.000601214
-0.000594895
-0.000587889
-0.000580128
-0.000571622
-0.000562356
-0.000552393
-0.000541771
-0.000530593
-0.000518911
-0.000506815
-0.000494323
-0.00048148
-0.000468247
-0.000454607
-0.000440466
-0.000425746
-0.000410303
-0.000394043
-0.000376854
-0.000358715
-0.000339609
-0.000319623
-0.000298856
-0.000277505
-0.000255779
-0.000233977
-0.000212394
-0.000191381
-0.000171233
-0.000152257
-0.00013468
-0.000118722
-0.000104514
-9.21777e-05
-8.17483e-05
-7.32536e-05
-6.66389e-05
-6.18476e-05
-5.87512e-05
-5.7232e-05
-5.71134e-05
-5.82377e-05
-6.03959e-05
-6.34021e-05
-6.70238e-05
-7.10535e-05
-7.52462e-05
-7.94048e-05
-8.33282e-05
-8.68844e-05
-8.99473e-05
-9.24646e-05
-9.43931e-05
-9.57612e-05
-9.66048e-05
-4.23364e-05
1.47413e-05
2.46635e-05
3.08204e-05
2.49968e-05
1.54878e-05
5.13357e-07
-1.57702e-05
-3.38303e-05
-5.1532e-05
-6.90404e-05
-8.5372e-05
-0.000100683
-0.000114656
-0.000127449
-0.000139076
-0.000149643
-0.000159288
-0.000168016
-0.000175972
-0.000183037
-0.000189295
-0.000194496
-0.000198679
-0.00020156
-0.00020321
-0.000203383
-0.00020222
-0.000199545
-0.000195583
-0.000190244
-0.000183842
-0.000176377
-0.000168211
-0.000159345
-0.000150106
-0.00014045
-0.000130632
-0.000120545
-0.000110367
-0.000115396
-0.000137938
-0.00015301
-0.000153478
-0.000148233
-0.000135452
-0.000117072
-9.50138e-05
-6.96648e-05
-4.33675e-05
-1.60855e-05
1.01576e-05
3.55902e-05
5.86616e-05
7.97917e-05
9.79326e-05
0.00011368
0.000126415
0.000136861
0.000144732
0.000150826
0.000155113
0.000158427
0.000160848
0.000163057
0.000165038
0.000167208
0.00016937
0.000171649
0.000173651
0.000175231
0.000175805
0.000174995
0.000172135
0.000166832
0.000158541
0.000147004
0.000131885
0.000113121
9.06119e-05
6.44983e-05
3.49143e-05
2.19189e-06
-3.33726e-05
-7.13834e-05
-0.000111523
-0.000153431
-0.00019684
-0.000241469
-0.000287125
-0.00033362
-0.000380848
-0.00042871
-0.000477144
-0.000526053
-0.000575329
-0.000624809
-0.000674301
-0.000723559
-0.0007723
-0.000820199
-0.00086689
-0.000911982
-0.000955088
-0.000995857
-0.00103398
-0.00106921
-0.00110137
-0.00113034
-0.00115606
-0.00117856
-0.0011979
-0.00121424
-0.00122772
-0.0012385
-0.00124669
-0.00125242
-0.00125573
-0.00125666
-0.00125522
-0.00125136
-0.001245
-0.00123606
-0.00122445
-0.00121013
-0.00119314
-0.00117356
-0.00115155
-0.00112734
-0.00110121
-0.00107353
-0.00104468
-0.00101514
-0.00098535
-0.000955735
-0.000926682
-0.000898531
-0.000871561
-0.000846002
-0.000822021
-0.000799737
-0.000779204
-0.000760438
-0.000743424
-0.00072814
-0.000714552
-0.000702631
-0.000692342
-0.000683658
-0.00067655
-0.000670991
-0.000666958
-0.000664422
-0.000663337
-0.000663629
-0.000665185
-0.000667857
-0.000671453
-0.000675747
-0.000680473
-0.000685334
-0.000689998
-0.000694117
-0.000697357
-0.00069943
-0.000700119
-0.000699283
-0.000696873
-0.000692924
-0.000687565
-0.000681012
-0.000673567
-0.000665602
-0.000657522
-0.000649725
-0.00064258
-0.000636405
-0.000631465
-0.000627956
-0.000626012
-0.000625695
-0.000627008
-0.000629883
-0.0006342
-0.00063978
-0.00064641
-0.000653833
-0.000661771
-0.000669909
-0.000677923
-0.00068546
-0.000692156
-0.000697635
-0.000701539
-0.000703529
-0.000703303
-0.000700584
-0.000695143
-0.00068678
-0.00067534
-0.000582243
-0.000436465
-0.000358995
-0.000323639
-0.000309336
-0.00031648
-0.000333055
-0.000356604
-0.000380232
-0.000401999
-0.000418248
-0.000428137
-0.000430305
-0.000424868
-0.000411884
-0.00039196
-0.000365855
-0.000334295
-0.000298268
-0.000258386
-0.000215577
-0.000170201
-0.00012295
-7.39045e-05
-2.35874e-05
2.80277e-05
8.04634e-05
0.00013374
0.000187352
0.000241249
0.00029486
0.00034803
0.000400121
0.000450918
0.000499805
0.000546608
0.000590817
0.00063235
0.000670838
0.000706317
0.000717368
0.000716723
0.000732861
0.000754818
0.000777074
0.000801232
0.000825378
0.000849022
0.000871064
0.000890842
0.000907614
0.000920832
0.000930138
0.000935198
0.000936039
0.000932531
0.000925
0.000913473
0.000898475
0.000880143
0.000859116
0.000835602
0.000810294
0.000783419
0.000755627
0.00072708
0.000698322
0.00066942
0.000640791
0.000612402
0.000584548
0.000557094
0.0005302
0.000503641
0.000477518
0.00045162
0.000426075
0.000400745
0.000375821
0.000351259
0.000327326
0.000304079
0.000281868
0.000260817
0.000241265
0.000223286
0.000207122
0.000192738
0.000180239
0.000169461
0.000160361
0.00015265
0.000146175
0.000140581
0.000135673
0.000131086
0.000126616
0.000121916
0.000116796
0.000110941
0.000104187
9.62457e-05
8.69606e-05
7.60669e-05
6.34603e-05
4.89723e-05
3.26097e-05
1.43373e-05
-5.70316e-06
-2.74021e-05
-5.04805e-05
-7.46901e-05
-9.96362e-05
-0.000124984
-0.000150299
-0.000175232
-0.000199361
-0.000222367
-0.000243875
-0.000263616
-0.000281281
-0.000296653
-0.000309463
-0.000319547
-0.000326744
-0.000331041
-0.000332462
-0.000331191
-0.00032746
-0.000321663
-0.000314237
-0.000305778
-0.000296921
-0.000288392
-0.000280852
-0.000274958
-0.000271239
-0.000270172
-0.000272082
-0.000277221
-0.000285682
-0.000297482
-0.000312492
-0.000330542
-0.000351366
-0.000374692
-0.00040018
-0.000427507
-0.000456302
-0.000486214
-0.000516861
-0.000547881
-0.000578878
-0.000609497
-0.000639386
-0.000668265
-0.000695881
-0.000722065
-0.000746689
-0.000769712
-0.000791135
-0.000811053
-0.000829598
-0.000846964
-0.00086333
-0.000878891
-0.000893797
-0.000908194
-0.00092217
-0.000935797
-0.000949092
-0.000962054
-0.000974641
-0.000986809
-0.000998474
-0.00100955
-0.00101991
-0.00102944
-0.00103796
-0.00104533
-0.00105134
-0.0010558
-0.00105844
-0.00105902
-0.00105732
-0.00105316
-0.00104644
-0.00103715
-0.00102536
-0.00101123
-0.000994993
-0.000976983
-0.000957595
-0.000937285
-0.000916505
-0.000895714
-0.000875333
-0.000855764
-0.000837351
-0.000820401
-0.000784944
-0.00065581
-0.000515617
-0.000461723
-0.00044749
-0.000476487
-0.000531868
-0.000607011
-0.000693799
-0.000785339
-0.000877653
-0.000965574
-0.00104748
-0.00111988
-0.00118249
-0.00123313
-0.00127231
-0.00129881
-0.00131355
-0.00131591
-0.00130699
-0.00128654
-0.0012557
-0.00121444
-0.00116386
-0.00110409
-0.00103616
-0.00096033
-0.000877579
-0.000788228
-0.000693233
-0.000592986
-0.000488458
-0.000380176
-0.000269167
-0.000156058
-4.18791e-05
7.27048e-05
0.000186696
0.00029944
0.000457991
0.00061637
0.000730105
0.000836465
0.000927623
0.00101057
0.00108343
0.00114979
0.00120912
0.00126339
0.00131244
0.00135735
0.00139805
0.00143507
0.00146842
0.00149838
0.00152502
0.0015485
0.001569
0.00158668
0.0016018
0.00161456
0.00162533
0.00163431
0.00164187
0.00164814
0.00165342
0.00165772
0.00166123
0.00166384
0.0016656
0.00166626
0.00166576
0.00166375
0.00166013
0.00165457
0.00164698
0.0016371
0.00162492
0.00161025
0.00159317
0.00157359
0.00155167
0.0015274
0.00150099
0.00147245
0.00144198
0.0014096
0.00137553
0.00133976
0.00130251
0.00126376
0.00122369
0.00118232
0.00113988
0.00109646
0.00105239
0.00100786
0.000963307
0.000919043
0.000875588
0.00083336
0.000792978
0.000754907
0.000719708
0.000687713
0.000659285
0.000634524
0.000613531
0.000596137
0.000582167
0.000571175
0.000562699
0.000556068
0.000550692
0.000545867
0.000541033
0.000535575
0.000529051
0.000520993
0.00051112
0.000499143
0.00048497
0.00046849
0.00044974
0.000428696
0.00040545
0.000380008
0.000352473
0.000322853
0.000291242
0.000257633
0.000222092
0.000184603
0.000145248
0.000104064
6.12032e-05
1.67887e-05
-2.89363e-05
-7.57544e-05
-0.000123332
-0.000171359
-0.000219417
-0.000267145
-0.000314132
-0.000360066
-0.000404618
-0.000447581
-0.000488746
-0.000528034
-0.000565373
-0.000600819
-0.000634435
-0.00066637
-0.000696718
-0.000725612
-0.000753103
-0.000779255
-0.000804041
-0.000827437
-0.000849325
-0.000869589
-0.000888045
-0.000904577
-0.000919063
-0.000931471
-0.000941775
-0.000950042
-0.000956348
-0.000960858
-0.00096374
-0.000965237
-0.000965543
-0.000964838
-0.000963223
-0.000960804
-0.000957635
-0.000953797
-0.000949334
-0.000944332
-0.000938845
-0.000932982
-0.000926866
-0.000920717
-0.000914773
-0.000909321
-0.000904623
-0.000900954
-0.000898535
-0.000897582
-0.000898241
-0.000900641
-0.000904824
-0.000910795
-0.000918468
-0.000927734
-0.000938414
-0.000950314
-0.000963193
-0.000976809
-0.000998585
-0.000976298
-0.000895171
-0.000855149
-0.000854786
-0.000874192
-0.000919381
-0.000974321
-0.00104111
-0.00110946
-0.00117938
-0.00124484
-0.00130529
-0.00135755
-0.0014012
-0.00143487
-0.0014584
-0.00147151
-0.00147425
-0.00146698
-0.00144988
-0.00142361
-0.00138839
-0.00134495
-0.00129344
-0.00123455
-0.0011684
-0.00109564
-0.00101637
-0.00093123
-0.000840321
-0.000744252
-0.000643181
-0.000537787
-0.000428366
-0.00031568
-0.000200113
-8.24529e-05
3.68834e-05
0.000157128
0.000355244
0.000590263
0.000760107
0.000890066
0.000995909
0.00107871
0.00114715
0.00120486
0.00125657
0.00130537
0.00135352
0.00140299
0.00145431
0.00150848
0.00156494
0.0016241
0.00168485
0.00174729
0.0018101
0.00187327
0.00193553
0.00199688
0.00205618
0.00211349
0.00216778
0.00221914
0.00226667
0.00231054
0.00235004
0.0023854
0.00241608
0.0024424
0.00246401
0.00248134
0.00249418
0.00250302
0.00250773
0.00250876
0.002506
0.00249983
0.00249011
0.00247714
0.00246076
0.00244119
0.00241832
0.0023924
0.00236336
0.00233141
0.00229654
0.00225895
0.00221863
0.00217577
0.00213033
0.00208237
0.0020317
0.00197832
0.0019221
0.00186312
0.00180139
0.00173716
0.00167065
0.0016023
0.00153261
0.00146231
0.00139219
0.00132308
0.00125578
0.00119103
0.00112949
0.00107168
0.001018
0.000968705
0.000923884
0.000883471
0.000847303
0.000815117
0.000786622
0.000761463
0.000739303
0.000719765
0.000702522
0.000687217
0.000673554
0.00066117
0.000649752
0.000638937
0.000628456
0.000618007
0.000607405
0.000596441
0.000585037
0.000573101
0.000560723
0.00054802
0.000535266
0.000522669
0.000510506
0.000498921
0.00048808
0.00047798
0.000468622
0.000459807
0.000451301
0.000442647
0.000433409
0.000423026
0.000411045
0.000396948
0.000380379
0.000360955
0.000338474
0.000312723
0.000283686
0.000251331
0.000215811
0.000177247
0.000135923
9.20735e-05
4.60798e-05
-1.74366e-06
-5.09491e-05
-0.000101159
-0.000151857
-0.000202621
-0.000252946
-0.000302475
-0.000350801
-0.000397689
-0.000442871
-0.000486257
-0.000527731
-0.000567365
-0.000605205
-0.000641449
-0.000676211
-0.00070972
-0.000742107
-0.000773607
-0.000804349
-0.000834556
-0.00086434
-0.000893905
-0.000923366
-0.000952962
-0.000982844
-0.00101324
-0.00104425
-0.001076
-0.00110847
-0.00114168
-0.00117544
-0.00120962
-0.00124382
-0.00127766
-0.00131057
-0.00134205
-0.00137157
-0.00139874
-0.00142314
-0.00144459
-0.00148086
-0.00154608
-0.00159271
-0.00158978
-0.00155825
-0.00150742
-0.00144728
-0.00138415
-0.00132268
-0.00126639
-0.0012166
-0.00117479
-0.00114038
-0.00111353
-0.00109269
-0.0010773
-0.00106546
-0.0010563
-0.00104793
-0.00103943
-0.00102914
-0.0010162
-0.00099923
-0.000977497
-0.00094997
-0.000916165
-0.000875477
-0.000827728
-0.000772725
-0.000710595
-0.00064151
-0.000565878
-0.000484215
-0.0003972
-0.000305609
-0.000210273
-0.00011209
-1.19355e-05
8.92663e-05
0.000190662
0.000307469
0.000502046
0.000712007
0.000853568
0.000963736
0.00103977
0.00109358
0.00113097
0.00115701
0.00117773
0.00119521
0.00121403
0.0012347
0.00126036
0.00129061
0.0013274
0.00136983
0.00141896
0.00147367
0.00153444
0.0016001
0.00167078
0.00174537
0.00182384
0.0019052
0.00198933
0.00207533
0.00216301
0.00225158
0.00234076
0.00242983
0.00251846
0.00260592
0.00269179
0.00277535
0.00285616
0.00293355
0.00300713
0.00307637
0.00314096
0.00320049
0.00325477
0.00330355
0.00334676
0.00338431
0.00341624
0.00344255
0.00346337
0.00347878
0.00348896
0.00349407
0.00349431
0.00348986
0.00348095
0.00346776
0.00345053
0.00342945
0.00340475
0.00337665
0.00334539
0.00331119
0.00327428
0.00323493
0.0031934
0.00315
0.003105
0.0030587
0.00301135
0.00296319
0.0029144
0.00286515
0.00281556
0.00276569
0.00271553
0.002665
0.002614
0.00256239
0.00251003
0.00245677
0.00240245
0.00234695
0.00229013
0.0022319
0.00217219
0.00211098
0.00204827
0.00198406
0.0019184
0.00185134
0.00178294
0.00171329
0.00164247
0.00157057
0.0014977
0.00142395
0.00134945
0.00127432
0.00119868
0.00112268
0.00104645
0.00097014
0.000893899
0.000817892
0.000742282
0.000667233
0.000592882
0.000519352
0.000446732
0.000375088
0.00030445
0.000234823
0.000166174
9.84341e-05
3.14933e-05
-3.47696e-05
-0.000100484
-0.00016577
-0.000230736
-0.000295467
-0.00036003
-0.000424462
-0.000488776
-0.000552942
-0.000616902
-0.000680571
-0.000743854
-0.000806656
-0.000868881
-0.000930447
-0.000991279
-0.00105132
-0.00111053
-0.00116889
-0.00122644
-0.0012832
-0.00133925
-0.00139461
-0.00144934
-0.00150346
-0.00155699
-0.00160991
-0.00166218
-0.00171375
-0.00176448
-0.00181424
-0.00186285
-0.00191016
-0.00195599
-0.00200019
-0.00204263
-0.00208318
-0.00212175
-0.0021583
-0.00219283
-0.00222538
-0.00225603
-0.00228485
-0.00231195
-0.00233741
-0.0023613
-0.00239567
-0.00245415
-0.00251019
-0.00253877
-0.00255374
-0.0025605
-0.00256118
-0.00256032
-0.00255789
-0.00255596
-0.00255395
-0.00255234
-0.00255039
-0.00254773
-0.00254364
-0.00253749
-0.00252879
-0.00251699
-0.00250188
-0.00248314
-0.0024608
-0.00243479
-0.00240543
-0.00237291
-0.00233772
-0.00230018
-0.00226082
-0.00221996
-0.00217805
-0.00213537
-0.00209227
-0.00204892
-0.00200557
-0.00196229
-0.00191923
-0.0018764
-0.00183386
-0.00179164
-0.00174975
-0.00170818
-0.00168575
-0.00163819
-0.00152417
-0.00142243
-0.00133978
-0.00126118
-0.0011964
-0.00113421
-0.00107946
-0.00102526
-0.000973538
-0.000920333
-0.000866283
-0.000809319
-0.000749618
-0.000686308
-0.000619441
-0.000548857
-0.00047459
-0.000396878
-0.00031575
-0.000231627
-0.000144498
-5.47908e-05
3.75851e-05
0.000132226
0.000229242
0.000328227
0.000429259
0.000531906
0.000636183
0.00074161
0.000848094
0.000955049
0.00106225
0.00116905
0.00127517
0.00137998
0.00148323
0.00158435
0.00168313
0.00177911
0.00187217
0.00196197
0.00204849
0.00213149
0.00221105
0.00228701
0.00235949
0.00242841
0.0024939
0.00255593
0.00261468
0.00267018
0.00272265
0.00277214
0.00281885
0.00286278
0.00290409
0.00294273
0.00297878
0.00301215
0.00304282
0.00307057
0.00309528
0.00311671
0.00313472
0.00314913
0.00315989
0.00316691
0.00317024
0.00316989
0.00316601
0.00315875
0.00314837
0.00313509
0.00311919
0.00310089
0.00308046
0.00305808
0.00303399
0.00300834
0.00298136
0.00295321
0.00292415
0.00289433
0.00286393
0.00283304
0.00280174
0.00277
0.00273779
0.00270495
0.00267124
0.00263626
0.00259953
0.00256054
0.0025188
0.00247386
0.00242537
0.00237309
0.00231685
0.00225666
0.00219265
0.00212517
0.0020547
0.0019818
0.00190709
0.00183117
0.00175463
0.00167802
0.00160183
0.00152646
0.00145225
0.00137943
0.00130815
0.0012385
0.00117048
0.00110403
0.00103908
0.000975496
0.00091311
0.000851743
0.000791158
0.000731081
0.000671201
0.000611227
0.000550887
0.00048997
0.000428308
0.00036581
0.000302437
0.000238242
0.000173371
0.000108103
4.27887e-05
-2.21699e-05
-8.63861e-05
-0.000149483
-0.000211148
-0.000271109
-0.000329183
-0.000385245
-0.000439292
-0.00049141
-0.000541793
-0.000590669
-0.000638316
-0.000685003
-0.000731012
-0.000776589
-0.000821975
-0.000867359
-0.000912915
-0.000958759
-0.00100499
-0.00105165
-0.00109879
-0.00114638
-0.0011944
-0.0012428
-0.00129151
-0.00134044
-0.0013895
-0.00143856
-0.00148752
-0.00153624
-0.00158458
-0.0016324
-0.00167954
-0.00172584
-0.00177113
-0.00181523
-0.00185796
-0.00189907
-0.00193834
-0.00197552
-0.00201041
-0.00204282
-0.00207259
-0.00209961
-0.00212381
-0.00214518
-0.00216378
-0.00217974
-0.00219329
-0.00220463
-0.00221402
-0.00222167
-0.00222779
-0.00223252
-0.00223597
-0.00223818
-0.00223911
-0.0022386
-0.00223643
-0.00223234
-0.00222606
-0.00221735
-0.00220602
-0.00219192
-0.0021989
-0.00224632
-0.00227452
-0.00224026
-0.00216632
-0.00206272
-0.00193966
-0.00180511
-0.00166444
-0.00152267
-0.00138219
-0.00124568
-0.00111372
-0.000987456
-0.000866435
-0.000750927
-0.000640026
-0.00053357
-0.000430579
-0.000330743
-0.00023321
-0.000137684
-4.35238e-05
4.94894e-05
0.000141777
0.000233459
0.00032476
0.000415711
0.000506378
0.000596731
0.000686722
0.000776283
0.00086528
0.000953597
0.00104103
0.00112744
0.00121262
0.00129645
0.00137873
0.00145937
0.00153819
0.00161517
0.00169017
0.00176323
0.0018343
0.00190348
0.00197074
0.00203618
0.00209978
0.00216162
0.00222168
0.00228
0.00233654
0.0023913
0.00244417
0.00249511
0.00254401
0.00259084
0.00263548
0.00267789
0.002718
0.00275578
0.00279117
0.00282418
0.0028548
0.00288306
0.00290895
0.00293253
0.00295378
0.00297276
0.00298944
0.00300388
0.00301606
0.00302599
0.00303366
0.00303907
0.00304219
0.00304303
0.00304157
0.00303781
0.00303176
0.00302341
0.00301278
0.00299987
0.00298471
0.00296733
0.00294773
0.00292596
0.00290203
0.00287599
0.00284785
0.00281767
0.00278544
0.00275121
0.00271499
0.00267678
0.0026366
0.00259449
0.00255045
0.00250452
0.00245673
0.00240714
0.00235579
0.0023028
0.00224826
0.00219231
0.00213507
0.00207665
0.00201717
0.00195673
0.00189542
0.00183333
0.00177051
0.00170698
0.00164272
0.00157771
0.00151194
0.00144537
0.001378
0.0013098
0.00124078
0.00117096
0.00110035
0.00102902
0.000957038
0.000884475
0.00081142
0.000737957
0.000664174
0.000590153
0.000515977
0.000441722
0.000367469
0.000293292
0.000219271
0.000145479
7.19902e-05
-1.12798e-06
-7.38066e-05
-0.000145986
-0.000217603
-0.000288606
-0.000358945
-0.000428591
-0.000497516
-0.000565702
-0.000633128
-0.000699777
-0.000765624
-0.000830649
-0.000894821
-0.000958113
-0.00102048
-0.00108189
-0.00114228
-0.0012016
-0.00125978
-0.00131679
-0.00137255
-0.00142704
-0.00148018
-0.00153196
-0.00158231
-0.00163121
-0.00167862
-0.00172452
-0.00176887
-0.00181165
-0.00185283
-0.00189239
-0.00193031
-0.00196657
-0.00200116
-0.00203408
-0.00206533
-0.00209492
-0.00212285
-0.00214915
-0.0021738
-0.00219682
-0.00221821
-0.00223796
-0.00225605
-0.00227246
-0.00228712
-0.0023
-0.00231103
-0.00232018
-0.0023274
-0.00233266
-0.00233593
-0.00233721
-0.00233649
-0.00233383
-0.00232928
-0.00232291
-0.0023148
-0.00230502
-0.00229364
-0.00228072
-0.00227819
-0.00229966
-0.00231902
-0.00231141
-0.00229005
-0.00226004
-0.00222332
-0.00218437
-0.00214324
-0.00210218
-0.00206091
-0.00202023
-0.00197983
-0.0019398
-0.0018999
-0.00185994
-0.00181976
-0.00177913
-0.00173798
-0.00169607
-0.00165344
-0.0016099
-0.00156552
-0.00152017
-0.00147395
-0.00142678
-0.00137876
-0.00132984
-0.00128013
-0.00122962
-0.00117839
-0.00112645
-0.00107389
-0.00102071
-0.000966999
-0.000912777
-0.000858108
-0.000803028
-0.000747593
-0.000691842
-0.000635824
-0.000579585
-0.000523166
-0.000466617
-0.000409975
-0.000353291
-0.0002966
-0.000239954
-0.000183385
-0.000126947
-7.06703e-05
-1.46079e-05
4.12109e-05
9.67331e-05
0.00015193
0.000206751
0.000261167
0.000315127
0.000368605
0.000421551
0.000473938
0.000525719
0.000576868
0.00062734
0.000677108
0.000726129
0.000774379
0.000821815
0.000868414
0.000914137
0.000958961
0.00100285
0.00104578
0.00108771
0.00112863
0.00116851
0.00120732
0.00124503
0.00128163
0.00131709
0.00135139
0.00138451
0.00141643
0.00144712
0.00147658
0.00150479
0.00153173
0.00155738
0.00158173
0.00160478
0.0016265
0.0016469
0.00166595
0.00168365
0.0017
0.00171498
0.0017286
0.00174085
0.00175172
0.00176122
0.00176934
0.00177608
0.00178145
0.00178545
0.00178807
0.00178933
0.00178923
0.00178778
0.00178498
0.00178085
0.00177538
0.0017686
0.00176051
0.00175113
0.00174046
0.00172853
0.00171535
0.00170093
0.00168528
0.00166844
0.00165041
0.00163122
0.00161088
0.00158942
0.00156685
0.00154321
0.0015185
0.00149276
0.00146601
0.00143828
0.00140959
0.00137996
0.00134943
0.00131801
0.00128575
0.00125266
0.00121878
0.00118413
0.00114875
0.00111266
0.0010759
0.00103849
0.00100047
0.000961875
0.000922726
0.000883062
0.000842912
0.000802312
0.000761292
0.000719887
0.000678128
0.000636051
0.000593686
0.00055107
0.000508233
0.000465211
0.000422036
0.000378742
0.000335361
0.000291929
0.000248476
0.000205037
0.000161644
0.00011833
7.51264e-05
3.20674e-05
-1.08175e-05
-5.34943e-05
-9.5934e-05
-0.000138103
-0.000179974
-0.000221513
-0.000262693
-0.000303483
-0.000343854
-0.000383778
-0.000423227
-0.000462172
-0.000500588
-0.000538446
-0.000575723
-0.000612389
-0.000648424
-0.0006838
-0.000718496
-0.000752486
-0.00078575
-0.000818265
-0.000850011
-0.000880966
-0.000911111
-0.000940427
-0.000968896
-0.000996499
-0.00102322
-0.00104904
-0.00107396
-0.00109794
-0.00112098
-0.00114306
-0.00116418
-0.00118432
-0.00120347
-0.00122162
-0.00123877
-0.00125489
-0.00126999
-0.00128406
-0.0012971
-0.00130909
-0.00132004
-0.00132993
-0.00133878
-0.00134657
-0.0013533
-0.00135898
-0.00136361
-0.00136718
-0.00136971
-0.00137118
-0.00137161
-0.001371
-0.00136936
-0.00136668
-0.00136299
-0.00135828
-0.00135257
-0.00134585
-0.00133816
-0.00132948
-0.00131984
-0.00130924
-0.00129771
-0.00128524
-0.00127186
-0.00125759
-0.00124242
-0.00122639
-0.0012095
-0.00119177
-0.00117323
-0.00115388
-0.00113375
-0.00111286
-0.00109122
-0.00106885
-0.00104578
-0.00102203
-0.000997613
-0.000972554
-0.000946876
-0.0009206
-0.000893749
-0.000866347
-0.000838416
-0.00080998
-0.000781063
-0.00075169
-0.000721883
-0.000691669
-0.000661071
-0.000630115
-0.000598826
-0.000567229
-0.000535349
-0.000503211
-0.000470842
-0.000438267
-0.000405511
-0.0003726
-0.000339559
-0.000306415
-0.000273193
-0.000239918
-0.000206615
-0.000173311
-0.00014003
-0.000106797
-7.36375e-05
-4.05758e-05
-7.63674e-06
2.51555e-05
5.77767e-05
9.0203e-05
0.000122411
0.000154377
0.000186078
0.000217491
0.000248594
0.000279365
0.000309782
0.000339823
0.000369468
0.000398697
0.000427488
0.000455822
0.00048368
0.000511043
0.000537892
0.000564211
0.00058998
0.000615183
0.000639804
0.000663827
0.000687237
0.000710018
0.000732156
0.000753638
0.000774449
0.000794579
0.000814014
0.000832743
0.000850755
0.00086804
0.000884588
0.00090039
0.000915438
0.000929723
0.000943239
0.000955979
0.000967936
0.000979105
0.000989482
0.000999062
0.00100784
0.00101582
0.00102299
0.00102935
0.00103491
0.00103965
0.00104359
0.00104672
0.00104905
0.00105057
0.00105128
0.0010512
0.00105033
0.00104866
0.00104621
0.00104297
0.00103897
0.00103419
0.00102866
0.00102237
0.00101534
0.00100757
0.000999078
0.000989867
0.000979951
0.000969339
0.000958043
0.000946074
0.000933445
0.000920168
0.000906257
0.000891724
0.000876584
0.000860851
0.00084454
0.000827665
0.000810243
0.000792287
0.000773816
0.000754845
0.000735391
0.00071547
0.000695101
0.0006743
0.000653085
0.000631474
0.000609486
0.000587139
0.00056445
0.00054144
0.000518127
0.00049453
0.000470669
0.000446561
0.000422228
0.000397688
0.00037296
0.000348065
0.000323023
0.000297851
0.000272572
0.000247203
0.000221764
0.000196276
0.000170757
0.000145228
0.000119707
9.42131e-05
6.87666e-05
4.33859e-05
1.80901e-05
-7.10218e-06
-3.21723e-05
-5.7102e-05
-8.18728e-05
-0.000106467
-0.000130867
-0.000155054
-0.000179012
-0.000202724
-0.000226172
-0.000249341
-0.000272213
-0.000294774
-0.000317007
-0.000338897
-0.000360429
-0.000381589
-0.000402361
-0.000422734
-0.000442692
-0.000462222
-0.000481313
-0.00049995
-0.000518123
-0.00053582
-0.000553029
-0.000569741
-0.000585943
-0.000601627
-0.000616784
-0.000631403
-0.000645477
-0.000658998
-0.000671957
-0.000684347
-0.000696163
-0.000707397
-0.000718044
-0.000728098
-0.000737554
-0.000746409
-0.000754658
-0.000762298
-0.000769325
-0.000775738
-0.000781535
-0.000786713
-0.000791272
-0.000795211
-0.00079853
-0.00080123
-0.000803311
-0.000804774
-0.000805622
-0.000805856
-0.00080548
-0.000804496
-0.000802908
-0.000800719
-0.000797935
-0.000794561
-0.0007906
-0.00078606
-0.000780946
-0.000775265
-0.000769024
-0.00076223
-0.00075489
-0.000747014
-0.000738609
-0.000729683
-0.000720248
-0.000710311
-0.000699882
-0.000688973
-0.000677592
-0.000665752
-0.000653463
-0.000640737
-0.000627584
-0.000614018
-0.00060005
-0.000585693
-0.00057096
-0.000555862
-0.000540414
-0.000524629
-0.00050852
-0.000492101
-0.000475385
-0.000458388
-0.000441122
-0.000423603
-0.000405844
-0.000387861
-0.000369667
-0.000351278
-0.000332709
-0.000313974
-0.000295088
-0.000276066
-0.000256924
-0.000237676
-0.000218338
-0.000198923
-0.000179449
-0.000159929
-0.000140378
-0.000120812
-0.000101245
-8.16916e-05
-6.21675e-05
-4.26868e-05
-2.32641e-05
-3.91387e-06
1.53497e-05
3.45123e-05
5.356e-05
7.2479e-05
9.12554e-05
0.000109876
0.000128327
0.000146595
0.000164668
0.000182532
0.000200175
0.000217586
0.000234751
0.000251658
0.000268297
0.000284656
0.000300724
0.00031649
0.000331943
0.000347073
0.000361871
0.000376326
0.00039043
0.000404173
0.000417546
0.000430542
0.000443151
0.000455367
0.000467181
0.000478588
0.000489579
0.000500149
0.000510292
0.000520001
0.000529273
0.0005381
0.00054648
0.000554407
0.000561878
0.00056889
0.000575438
0.000581521
0.000587136
0.00059228
0.000596952
0.000601152
0.000604876
0.000608126
0.000610901
0.000613201
0.000615026
0.000616377
0.000617255
0.000617663
0.000617601
0.000617073
0.00061608
0.000614625
0.000612712
0.000610345
0.000607526
0.000604261
0.000600554
0.00059641
0.000591834
0.000586831
0.000581407
0.000575569
0.000569322
0.000562673
0.00055563
0.000548198
0.000540387
0.000532202
0.000523653
0.000514748
0.000505494
0.000495901
0.000485977
0.000475731
0.000465173
0.000454312
0.000443157
0.000431719
0.000420007
0.000408032
0.000395803
0.000383332
0.000370628
0.000357703
0.000344567
0.000331232
0.000317707
0.000304005
0.000290136
0.000276112
0.000261944
0.000247644
0.000233223
0.000218692
0.000204063
0.000189347
0.000174556
0.000159702
0.000144795
0.000129849
0.000114873
9.98796e-05
8.48802e-05
6.98862e-05
5.49087e-05
3.99592e-05
2.50487e-05
1.01884e-05
-4.61084e-06
-1.93379e-05
-3.39822e-05
-4.85328e-05
-6.29793e-05
-7.73111e-05
-9.15181e-05
-0.00010559
-0.000119517
-0.000133288
-0.000146896
-0.000160329
-0.000173578
-0.000186634
-0.000199489
-0.000212134
-0.000224559
-0.000236757
-0.000248719
-0.000260437
-0.000271905
-0.000283113
-0.000294055
-0.000304724
-0.000315113
-0.000325215
-0.000335025
-0.000344535
-0.000353741
-0.000362637
-0.000371217
-0.000379476
-0.00038741
-0.000395014
-0.000402284
-0.000409215
-0.000415805
-0.00042205
-0.000427947
-0.000433493
-0.000438685
-0.00044352
-0.000447998
-0.000452117
-0.000455874
-0.000459268
-0.0004623
-0.000464968
-0.000467271
-0.00046921
-0.000470786
-0.000471998
-0.000472847
-0.000473334
-0.000473461
-0.000473229
-0.000472641
-0.000471697
-0.000470401
-0.000468755
-0.000466762
-0.000464425
-0.000461747
-0.000458733
-0.000455385
-0.000451709
-0.000447707
-0.000443386
-0.000438749
-0.000433801
-0.000428549
-0.000422996
-0.000417149
-0.000411014
-0.000404596
-0.000397901
-0.000390937
-0.000383709
-0.000376225
-0.00036849
-0.000360512
-0.000352299
-0.000343857
-0.000335194
-0.000326318
-0.000317236
-0.000307956
-0.000298486
-0.000288834
-0.000279008
-0.000269016
-0.000258868
-0.000248571
-0.000238133
-0.000227563
-0.00021687
-0.000206063
-0.00019515
-0.00018414
-0.000173042
-0.000161864
-0.000150615
-0.000139305
-0.000127941
-0.000116534
-0.000105091
-9.36218e-05
-8.21348e-05
-7.0639e-05
-5.91429e-05
-4.76554e-05
-3.61851e-05
-2.47406e-05
-1.33303e-05
-1.96296e-06
9.3533e-06
2.061e-05
3.17989e-05
4.29119e-05
5.3941e-05
6.4878e-05
7.57154e-05
8.64452e-05
9.70599e-05
0.000107552
0.000117914
0.000128139
0.000138219
0.000148148
0.00015792
0.000167526
0.000176961
0.000186218
0.000195292
0.000204176
0.000212864
0.000221351
0.000229631
0.000237699
0.000245549
0.000253178
0.00026058
0.00026775
0.000274684
0.000281378
0.000287829
0.000294032
0.000299983
0.00030568
0.00031112
0.000316298
0.000321214
0.000325863
0.000330245
0.000334356
0.000338196
0.000341761
0.000345052
0.000348066
0.000350803
0.000353262
0.000355442
0.000357343
0.000358965
0.000360308
0.000361372
0.000362157
0.000362665
0.000362897
0.000362852
0.000362534
0.000361942
0.000361079
0.000359948
0.000358549
0.000356885
0.000354959
0.000352773
0.000350331
0.000347635
0.000344688
0.000341494
0.000338057
0.000334379
0.000330466
0.000326321
0.000321948
0.000317352
0.000312537
0.000307508
0.00030227
0.000296827
0.000291185
0.000285349
0.000279323
0.000273115
0.000266728
0.00026017
0.000253445
0.000246559
0.000239519
0.00023233
0.000224998
0.000217531
0.000209933
0.000202212
0.000194373
0.000186424
0.000178371
0.00017022
0.000161978
0.000153651
0.000145247
0.000136772
0.000128233
0.000119636
0.000110989
0.000102298
9.35696e-05
8.4811e-05
7.60287e-05
6.72297e-05
5.84205e-05
4.9608e-05
4.07988e-05
3.19995e-05
2.32168e-05
1.44573e-05
5.7274e-06
-2.96632e-06
-1.16176e-05
-2.02199e-05
-2.87671e-05
-3.72528e-05
-4.56711e-05
-5.40158e-05
-6.2281e-05
-7.04607e-05
-7.85493e-05
-8.65408e-05
-9.44299e-05
-0.000102211
-0.000109879
-0.000117428
-0.000124853
-0.000132149
-0.000139312
-0.000146335
-0.000153216
-0.000159949
-0.00016653
-0.000172954
-0.000179217
-0.000185316
-0.000191246
-0.000197004
-0.000202587
-0.00020799
-0.000213211
-0.000218246
-0.000223093
-0.000227749
-0.000232211
-0.000236476
-0.000240543
-0.000244409
-0.000248072
-0.00025153
-0.000254782
-0.000257826
-0.000260661
-0.000263286
-0.000265699
-0.0002679
-0.000269889
-0.000271663
-0.000273224
-0.000274571
-0.000275704
-0.000276624
-0.000277329
-0.000277822
-0.000278102
-0.00027817
-0.000278028
-0.000277676
-0.000277115
-0.000276348
-0.000275374
-0.000274197
-0.000272818
-0.000271239
-0.000269462
-0.00026749
-0.000265324
-0.000262968
-0.000260423
-0.000257693
-0.000254781
-0.00025169
-0.000248422
-0.000244982
-0.000241372
-0.000237597
-0.000233659
-0.000229562
-0.000225311
-0.000220909
-0.000216361
-0.00021167
-0.00020684
-0.000201876
-0.000196783
-0.000191564
-0.000186224
-0.000180769
-0.000175202
-0.000169528
-0.000163752
-0.000157879
-0.000151914
-0.000145861
-0.000139726
-0.000133514
-0.00012723
-0.000120878
-0.000114465
-0.000107995
-0.000101472
-9.49038e-05
-8.82938e-05
-8.16477e-05
-7.49705e-05
-6.82676e-05
-6.15441e-05
-5.48052e-05
-4.80561e-05
-4.13019e-05
-3.45477e-05
-2.77987e-05
-2.106e-05
-1.43365e-05
-7.63342e-06
-9.55545e-07
5.69204e-06
1.23046e-05
1.88771e-05
2.54049e-05
3.18832e-05
3.83074e-05
4.46728e-05
5.0975e-05
5.72093e-05
6.33715e-05
6.94571e-05
7.5462e-05
8.1382e-05
8.7213e-05
9.29509e-05
9.8592e-05
0.000104132
0.000109568
0.000114896
0.000120112
0.000125213
0.000130196
0.000135057
0.000139793
0.000144402
0.00014888
0.000153225
0.000157433
0.000161503
0.000165432
0.000169217
0.000172857
0.00017635
0.000179692
0.000182884
0.000185922
0.000188805
0.000191532
0.000194102
0.000196513
0.000198764
0.000200854
0.000202782
0.000204548
0.000206151
0.000207591
0.000208867
0.000209979
0.000210927
0.000211712
0.000212332
0.000212789
0.000213082
0.000213213
0.000213182
0.00021299
0.000212638
0.000212127
0.000211457
0.00021063
0.000209648
0.000208512
0.000207223
0.000205784
0.000204196
0.00020246
0.000200579
0.000198555
0.000196391
0.000194088
0.000191648
0.000189075
0.000186371
0.000183538
0.00018058
0.000177499
0.000174297
0.000170979
0.000167547
0.000164003
0.000160353
0.000156597
0.000152741
0.000148787
0.000144739
0.0001406
0.000136373
0.000132064
0.000127674
0.000123208
0.000118669
0.000114062
0.00010939
0.000104656
9.98658e-05
9.50219e-05
9.01284e-05
8.51896e-05
8.02091e-05
7.5191e-05
7.01393e-05
6.5058e-05
5.9951e-05
5.48223e-05
4.96758e-05
4.45157e-05
3.93457e-05
3.417e-05
2.89924e-05
2.38169e-05
1.86473e-05
1.34876e-05
8.3416e-06
3.21315e-06
-1.894e-06
-6.97601e-06
-1.20292e-05
-1.70499e-05
-2.20344e-05
-2.69791e-05
-3.18805e-05
-3.67351e-05
-4.15394e-05
-4.62899e-05
-5.09835e-05
-5.56167e-05
-6.01864e-05
-6.46893e-05
-6.91224e-05
-7.34827e-05
-7.77672e-05
-8.1973e-05
-8.60973e-05
-9.01373e-05
-9.40904e-05
-9.79539e-05
-0.000101726
-0.000105403
-0.000108983
-0.000112464
-0.000115844
-0.000119121
-0.000122292
-0.000125357
-0.000128312
-0.000131156
-0.000133888
-0.000136506
-0.000139009
-0.000141395
-0.000143662
-0.000145811
-0.000147839
-0.000149746
-0.000151531
-0.000153193
-0.000154732
-0.000156146
-0.000157435
-0.0001586
-0.000159639
-0.000160552
-0.00016134
-0.000162002
-0.000162538
-0.000162949
-0.000163235
-0.000163395
-0.000163432
-0.000163345
-0.000163134
-0.000162801
-0.000162346
-0.000161771
-0.000161076
-0.000160262
-0.000159331
-0.000158284
-0.000157121
-0.000155846
-0.000154458
-0.00015296
-0.000151353
-0.000149638
-0.000147819
-0.000145896
-0.000143872
-0.000141748
-0.000139527
-0.000137211
-0.000134801
-0.000132301
-0.000129712
-0.000127037
-0.000124279
-0.000121439
-0.00011852
-0.000115525
-0.000112457
-0.000109318
-0.00010611
-0.000102838
-9.95023e-05
-9.61071e-05
-9.26549e-05
-8.91486e-05
-8.55911e-05
-8.19853e-05
-7.83343e-05
-7.46408e-05
-7.09081e-05
-6.71389e-05
-6.33365e-05
-5.95037e-05
-5.56437e-05
-5.17594e-05
-4.78541e-05
-4.39306e-05
-3.9992e-05
-3.60415e-05
-3.2082e-05
-2.81165e-05
-2.41482e-05
-2.018e-05
-1.62149e-05
-1.2256e-05
-8.30608e-06
-4.36819e-06
-4.45277e-07
3.45983e-06
7.34417e-06
1.1205e-05
1.50394e-05
1.88447e-05
2.26181e-05
2.63569e-05
3.00584e-05
3.37201e-05
3.73392e-05
4.09133e-05
4.44399e-05
4.79165e-05
5.13408e-05
5.47104e-05
5.80229e-05
6.12762e-05
6.4468e-05
6.75963e-05
7.06589e-05
7.36539e-05
7.65793e-05
7.94332e-05
8.22137e-05
8.49192e-05
8.75478e-05
9.00981e-05
9.25683e-05
9.49571e-05
9.7263e-05
9.94846e-05
0.000101621
0.00010367
0.000105631
0.000107503
0.000109286
0.000110977
0.000112577
0.000114083
0.000115497
0.000116817
0.000118042
0.000119172
0.000120207
0.000121146
0.000121989
0.000122736
0.000123386
0.000123941
0.000124398
0.00012476
0.000125026
0.000125195
0.000125269
0.000125248
0.000125133
0.000124923
0.00012462
0.000124224
0.000123735
0.000123156
0.000122485
0.000121726
0.000120877
0.000119941
0.000118919
0.000117812
0.00011662
0.000115346
0.00011399
0.000112555
0.000111041
0.00010945
0.000107783
0.000106043
0.00010423
0.000102348
0.000100396
9.83773e-05
9.62937e-05
9.41469e-05
9.19388e-05
8.96713e-05
8.73465e-05
8.49665e-05
8.25331e-05
8.00486e-05
7.7515e-05
7.49346e-05
7.23094e-05
6.96417e-05
6.69336e-05
6.41874e-05
6.14054e-05
5.85899e-05
5.5743e-05
5.28672e-05
4.99647e-05
4.70379e-05
4.4089e-05
4.11204e-05
3.81345e-05
3.51336e-05
3.212e-05
2.90961e-05
2.60641e-05
2.30265e-05
1.99856e-05
1.69436e-05
1.39029e-05
1.08658e-05
7.8345e-06
4.81137e-06
1.79858e-06
-1.20157e-06
-4.18695e-06
-7.15529e-06
-1.01045e-05
-1.30323e-05
-1.59368e-05
-1.88157e-05
-2.16671e-05
-2.44888e-05
-2.72789e-05
-3.00355e-05
-3.27565e-05
-3.54402e-05
-3.80846e-05
-4.06879e-05
-4.32484e-05
-4.57643e-05
-4.82339e-05
-5.06556e-05
-5.30277e-05
-5.53487e-05
-5.76171e-05
-5.98314e-05
-6.19901e-05
-6.4092e-05
-6.61356e-05
-6.81197e-05
-7.0043e-05
-7.19045e-05
-7.37029e-05
-7.54372e-05
-7.71064e-05
-7.87095e-05
-8.02457e-05
-8.1714e-05
-8.31137e-05
-8.4444e-05
-8.57043e-05
-8.68938e-05
-8.80122e-05
-8.90587e-05
-9.0033e-05
-9.09347e-05
-9.17634e-05
-9.25188e-05
-9.32007e-05
-9.3809e-05
-9.43435e-05
-9.4804e-05
-9.51908e-05
-9.55037e-05
-9.57429e-05
-9.59086e-05
-9.60009e-05
-9.60202e-05
-9.59667e-05
-9.58409e-05
-9.56431e-05
-9.53739e-05
-9.50338e-05
-9.46234e-05
-9.41433e-05
-9.35941e-05
-9.29767e-05
-9.22918e-05
-9.15403e-05
-9.0723e-05
-8.98408e-05
-8.88947e-05
-8.78858e-05
-8.6815e-05
-8.56836e-05
-8.44925e-05
-8.32431e-05
-8.19364e-05
-8.05738e-05
-7.91566e-05
-7.7686e-05
-7.61635e-05
-7.45904e-05
-7.29682e-05
-7.12983e-05
-6.95822e-05
-6.78213e-05
-6.60174e-05
-6.41718e-05
-6.22862e-05
-6.03623e-05
-5.84016e-05
-5.64058e-05
-5.43766e-05
-5.23156e-05
-5.02246e-05
-4.81054e-05
-4.59595e-05
-4.37888e-05
-4.1595e-05
-3.93799e-05
-3.71453e-05
-3.4893e-05
-3.26247e-05
-3.03422e-05
-2.80473e-05
-2.57419e-05
-2.34276e-05
-2.11064e-05
-1.87799e-05
-1.64501e-05
-1.41185e-05
-1.17872e-05
-9.45764e-06
-7.13178e-06
-4.81128e-06
-2.49792e-06
-1.93369e-07
2.10062e-06
4.38242e-06
6.6503e-06
8.90267e-06
1.11378e-05
1.33542e-05
1.55502e-05
1.77243e-05
1.98749e-05
2.20005e-05
2.40996e-05
2.61707e-05
2.82124e-05
3.02233e-05
3.2202e-05
3.41472e-05
3.60576e-05
3.79318e-05
3.97686e-05
4.15668e-05
4.33253e-05
4.50428e-05
4.67182e-05
4.83506e-05
4.99388e-05
5.14819e-05
5.29788e-05
5.44288e-05
5.58308e-05
5.71841e-05
5.84878e-05
5.97413e-05
6.09438e-05
6.20945e-05
6.3193e-05
6.42386e-05
6.52307e-05
6.61688e-05
6.70526e-05
6.78815e-05
6.86552e-05
6.93734e-05
7.00357e-05
7.06421e-05
7.11921e-05
7.16858e-05
7.21229e-05
7.25034e-05
7.28273e-05
7.30946e-05
7.33053e-05
7.34597e-05
7.35577e-05
7.35996e-05
7.35856e-05
7.35161e-05
7.33912e-05
7.32114e-05
7.2977e-05
7.26885e-05
7.23463e-05
7.1951e-05
7.1503e-05
7.10031e-05
7.04517e-05
6.98496e-05
6.91975e-05
6.8496e-05
6.77459e-05
6.69481e-05
6.61033e-05
6.52124e-05
6.42763e-05
6.32959e-05
6.22721e-05
6.1206e-05
6.00985e-05
5.89507e-05
5.77636e-05
5.65383e-05
5.52759e-05
5.39775e-05
5.26443e-05
5.12774e-05
4.98781e-05
4.84476e-05
4.6987e-05
4.54976e-05
4.39807e-05
4.24376e-05
4.08695e-05
3.92777e-05
3.76636e-05
3.60286e-05
3.43738e-05
3.27007e-05
3.10105e-05
2.93048e-05
2.75848e-05
2.58519e-05
2.41075e-05
2.23529e-05
2.05895e-05
1.88187e-05
1.70419e-05
1.52605e-05
1.34757e-05
1.1689e-05
9.90179e-06
8.11536e-06
6.33104e-06
4.55022e-06
2.77419e-06
1.00431e-06
-7.5814e-07
-2.51183e-06
-4.25551e-06
-5.98787e-06
-7.7077e-06
-9.4137e-06
-1.11047e-05
-1.27794e-05
-1.44367e-05
-1.60754e-05
-1.76944e-05
-1.92924e-05
-2.08685e-05
-2.24215e-05
-2.39503e-05
-2.54539e-05
-2.69312e-05
-2.83814e-05
-2.98033e-05
-3.11961e-05
-3.25589e-05
-3.38907e-05
-3.51907e-05
-3.6458e-05
-3.76919e-05
-3.88915e-05
-4.00562e-05
-4.11851e-05
-4.22777e-05
-4.33332e-05
-4.43511e-05
-4.53306e-05
-4.62713e-05
-4.71727e-05
-4.80342e-05
-4.88553e-05
-4.96357e-05
-5.03749e-05
-5.10726e-05
-5.17284e-05
-5.2342e-05
-5.29132e-05
-5.34417e-05
-5.39273e-05
-5.43698e-05
-5.47692e-05
-5.51253e-05
-5.5438e-05
-5.57073e-05
-5.59332e-05
-5.61158e-05
-5.62551e-05
-5.63511e-05
-5.64041e-05
-5.64142e-05
-5.63815e-05
-5.63063e-05
-5.61888e-05
-5.60295e-05
-5.58284e-05
-5.5586e-05
-5.53027e-05
-5.49789e-05
-5.4615e-05
-5.42114e-05
-5.37687e-05
-5.32874e-05
-5.27679e-05
-5.2211e-05
-5.16171e-05
-5.0987e-05
-5.03212e-05
-4.96204e-05
-4.88853e-05
-4.81166e-05
-4.73151e-05
-4.64815e-05
-4.56165e-05
-4.47211e-05
-4.3796e-05
-4.28421e-05
-4.18601e-05
-4.08511e-05
-3.98158e-05
-3.87552e-05
-3.76701e-05
-3.65617e-05
-3.54306e-05
-3.4278e-05
-3.31048e-05
-3.19121e-05
-3.07006e-05
-2.94716e-05
-2.8226e-05
-2.69648e-05
-2.5689e-05
-2.43998e-05
-2.3098e-05
-2.17848e-05
-2.04612e-05
-1.91282e-05
-1.77869e-05
-1.64385e-05
-1.50838e-05
-1.3724e-05
-1.23601e-05
-1.09931e-05
-9.62423e-06
-8.25439e-06
-6.88464e-06
-5.51605e-06
-4.14961e-06
-2.78638e-06
-1.42734e-06
-7.35361e-08
1.27407e-06
2.61444e-06
3.94664e-06
5.26966e-06
6.58259e-06
7.88442e-06
9.17428e-06
1.04512e-05
1.17143e-05
1.29627e-05
1.41955e-05
1.54118e-05
1.66109e-05
1.77918e-05
1.89538e-05
2.0096e-05
2.12178e-05
2.23183e-05
2.33968e-05
2.44526e-05
2.54851e-05
2.64934e-05
2.74771e-05
2.84353e-05
2.93677e-05
3.02735e-05
3.11522e-05
