0
0
0
0
0
0
0
0
0
0
0
0
0
0
0
0
0
0
0
0
0
0
0
0
0
0
0
0
0
0
0
0
0
0
0
0
0
0
0
0
0
0
0
0
0
0
0
0
0
0
0
0
0
0
0
0
0
0
0
0
0
0
0
0
0
0
0
0
0
0
0
0
0
0
0
0
0
0
0
0
0
0
0
0
0
0
0
0
0
0
0
0
0
0
0
0
0
0
0
0
0
0
0
0
0
0
0
0
0
0
0
0
0
0
0
0
0
0
0
0
0
0
0
0
0
0
0
0
0
0
0
0
0
0
0
0
0
0
0
0
0
0
0
0
0
0
0
0
0
0
0
0
0
0
0
0
0
0
0
0
0
0
0
0
0
0
0
0
0
0
0
0
0
0
0
0
0
0
0
0
0
0
0
0
0
0
0
0
0
0
0
0
0
0
0
0
0
0
0
0
0
0
0
0
0
0
0
0
0
0
0
0
0
0
0
0
0
0
0
0
0
0
0
0
0
0
0
0
0
0
0
0
0
0
0
0
0
0
0
0
0
0
0
0
0
0
0
0
0
0
0
0
0
0
0
0
0
0
0
0
0
0
0
0
0
0
0
0
0
0
0
0
0
0
0
0
0
0
0
0
0
0
0
0
0
0
0
0
0
0
0
0
0
0
0
0
0
0
0
0
0
0
0
0
0
0
0
0
0
0
0
0
0
0
0
0
0
0
0
0
0
0
0
0
0
0
0
0
0
0
0
0
0
0
0
0
0
0
0
0
0
0
0
0
0
0
0
0
0
0
0
0
0
0
0
0
0
0
0
0
0
0
0
0
0
0
0
0
0
0
0
0
0
0
0
0
0
0
0
0
0
0
0
0
0
0
0
0
0
0
0
0
0
0
0
0
0
0
0
0
0
0
0
0
0
0
0
0
0
0
0
0
0
0
0
0
0
0
0
0
0
0
0
0
0
0
0
0
0
0
0
0
0
0
0
0
0
0
0
0
0
0
0
0
0
0
0
0
0
0
0
0
0
0
0
0
0
0
0
0
0
0
0
0
0
0
0
0
0
0
0
0
0
0
0
0
0
0
0
0
0
0
0
0
0
0
0
0
0
0
0
0
0
0
0
0
0
0
0
0
0
0
0
0
0
0
0
0
0
0
0
0
0
0
0
0
0
0
0
0
0
0
0
0
0
0
0
0
0
0
0
0
0
0
0
0
0
0
0
0
0
0
0
0
0
0
0
0
0
0
0
0
0
0
0
0
0
0
0
0
0
0
0
0
0
0
0
0
0
0
0
0
0
0
0
0
0
0
0
0
0
0
0
0
0
0
0
0
0
0
0
0
0
0
0
0
0
0
0
0
0
0
0
0
0
0
0
0
0
0
0
0
0
0
0
0
0
0
0
0
0
0
0
0
0
0
0
0
0
0
0
0
0
0
0
0
0
0
0
0
0
0
0
0
0
0
0
0
0
0
0
0
0
0
0
0
0
0
0
0
0
0
0
0
0
0
0
0
0
0
0
0
0
0
0
0
0
0
0
0
0
0
0
0
0
0
0
0
0
0
0
0
0
0
0
0
0
0
0
0
0
0
0
0
0
0
0
0
0
0
0
0
0
0
0
0
0
0
0
0
0
0
0
0
0
0
0
0
0
0
0
0
0
0
0
0
0
0
0
0
0
0
0
0
0
0
0
0
0
0
0
0
0
0
0
0
0
0
0
0
0
0
0
0
0
0
0
0
0
0
0
0
0
0
0
0
0
0
0
0
0
9.77718e-08
-7.53165e-08
-7.49207e-08
2.28372e-06
7.29349e-06
1.37745e-05
2.12098e-05
2.90293e-05
3.68802e-05
4.44697e-05
5.16303e-05
5.82412e-05
6.42543e-05
6.96495e-05
7.44383e-05
7.86507e-05
8.23182e-05
8.54883e-05
8.81913e-05
9.04735e-05
9.23549e-05
9.38732e-05
9.50372e-05
9.58743e-05
9.63856e-05
9.65912e-05
9.64892e-05
9.60961e-05
9.54114e-05
9.4451e-05
9.32188e-05
9.17318e-05
8.9999e-05
8.80392e-05
8.58657e-05
8.34979e-05
8.09511e-05
7.82438e-05
7.5392e-05
7.24122e-05
6.93201e-05
6.61297e-05
6.2856e-05
5.95106e-05
5.61072e-05
5.26554e-05
4.91674e-05
4.56507e-05
4.21157e-05
3.85674e-05
3.50143e-05
3.14588e-05
2.79077e-05
2.43616e-05
2.08261e-05
1.73012e-05
1.37921e-05
1.02997e-05
6.82998e-06
3.38482e-06
-2.8399e-08
-3.40623e-06
-6.74051e-06
-1.00273e-05
-1.32586e-05
-1.64311e-05
-1.95383e-05
-2.25781e-05
-2.55461e-05
-2.84422e-05
-3.1264e-05
-3.40131e-05
-3.66887e-05
-3.9293e-05
-4.18258e-05
-4.4289e-05
-4.66824e-05
-4.90071e-05
-5.12622e-05
-5.34479e-05
-5.55623e-05
-5.76049e-05
-5.95728e-05
-6.14639e-05
-6.32747e-05
-6.50017e-05
-6.66401e-05
-6.81853e-05
-6.96316e-05
-7.09733e-05
-7.22037e-05
-7.33166e-05
-7.43051e-05
-7.51627e-05
-7.58833e-05
-7.64608e-05
-7.68899e-05
-7.71655e-05
-7.72833e-05
-7.72395e-05
-7.7031e-05
-7.66554e-05
-7.61114e-05
-7.53983e-05
-7.45171e-05
-7.34692e-05
-7.22574e-05
-7.08853e-05
-6.93579e-05
-6.76804e-05
-6.58598e-05
-6.3903e-05
-6.18186e-05
-5.96148e-05
-5.73013e-05
-5.48871e-05
-5.23827e-05
-4.97976e-05
-4.71425e-05
-4.4427e-05
-4.16621e-05
-3.88569e-05
-3.60215e-05
-3.3164e-05
-3.02929e-05
-2.7415e-05
-2.45379e-05
-2.16675e-05
-1.88108e-05
-1.59731e-05
-1.31607e-05
-1.03787e-05
-7.6335e-06
-4.9305e-06
-2.27651e-06
3.22744e-07
2.86042e-06
5.33085e-06
7.72744e-06
1.00449e-05
1.22771e-05
1.44191e-05
1.64653e-05
1.84109e-05
2.02507e-05
2.19807e-05
2.35962e-05
2.50944e-05
2.64716e-05
2.77259e-05
2.88551e-05
2.98588e-05
3.0738e-05
3.14966e-05
3.21399e-05
3.26751e-05
3.31095e-05
3.34518e-05
3.37101e-05
3.38933e-05
3.40091e-05
3.40645e-05
3.40615e-05
3.39978e-05
3.38663e-05
3.36581e-05
3.33615e-05
3.29647e-05
3.2455e-05
3.18206e-05
3.10501e-05
3.01354e-05
2.90742e-05
2.78723e-05
2.65413e-05
2.50978e-05
2.35605e-05
2.19507e-05
2.02897e-05
1.85992e-05
1.68997e-05
1.5209e-05
1.35383e-05
1.18912e-05
1.02641e-05
8.6499e-06
7.03753e-06
5.41489e-06
3.76868e-06
2.08624e-06
3.55454e-07
-1.43238e-06
-3.28007e-06
-5.1821e-06
-7.12701e-06
-9.09857e-06
-1.1078e-05
-1.30446e-05
-1.49774e-05
-1.68555e-05
-1.24958e-05
5.58319e-06
2.57895e-05
3.5465e-05
3.87624e-05
3.76631e-05
3.28559e-05
2.60744e-05
1.77717e-05
9.03325e-06
1.3312e-07
-8.33894e-06
-1.62751e-05
-2.3416e-05
-2.97729e-05
-3.5291e-05
-4.00516e-05
-4.41109e-05
-4.75759e-05
-5.05484e-05
-5.31287e-05
-5.54182e-05
-5.74767e-05
-5.93623e-05
-6.10798e-05
-6.26463e-05
-6.40304e-05
-6.52232e-05
-6.61742e-05
-6.6863e-05
-6.72356e-05
-6.72779e-05
-6.69629e-05
-6.6316e-05
-6.53521e-05
-6.41258e-05
-6.26749e-05
-6.10665e-05
-5.9347e-05
-5.75841e-05
-5.58234e-05
-5.4126e-05
-5.25319e-05
-5.10934e-05
-4.98422e-05
-4.88193e-05
-4.80462e-05
-4.75517e-05
-4.73469e-05
-4.74483e-05
-4.78564e-05
-4.85713e-05
-4.9568e-05
-5.08122e-05
-5.22504e-05
-5.38297e-05
-5.54886e-05
-5.71724e-05
-5.8824e-05
-6.03962e-05
-6.18433e-05
-6.31341e-05
-6.42489e-05
-6.51875e-05
-6.59567e-05
-6.65711e-05
-6.70443e-05
-6.73909e-05
-6.76205e-05
-6.77409e-05
-6.77533e-05
-6.76535e-05
-6.74238e-05
-6.70371e-05
-6.64583e-05
-6.56522e-05
-6.45842e-05
-6.32251e-05
-6.15514e-05
-5.9548e-05
-5.72078e-05
-5.45376e-05
-5.15642e-05
-4.8337e-05
-4.49226e-05
-4.13995e-05
-3.78533e-05
-3.43722e-05
-3.10427e-05
-2.79471e-05
-2.51596e-05
-2.27393e-05
-2.07201e-05
-1.91059e-05
-1.78738e-05
-1.69794e-05
-1.6362e-05
-1.59486e-05
-1.56599e-05
-1.54132e-05
-1.51279e-05
-1.47317e-05
-1.41711e-05
-1.34155e-05
-1.24568e-05
-1.13054e-05
-9.98825e-06
-8.54365e-06
-7.01956e-06
-5.46862e-06
-3.94633e-06
-2.50479e-06
-1.18807e-06
-2.70268e-08
9.58917e-07
1.7622e-06
2.38414e-06
2.83484e-06
3.12985e-06
3.29001e-06
3.33815e-06
3.29867e-06
3.19353e-06
3.04214e-06
2.85907e-06
2.6555e-06
2.43767e-06
2.20883e-06
1.9681e-06
1.71263e-06
1.43665e-06
1.13425e-06
7.99438e-07
4.28629e-07
1.91122e-08
-4.29748e-07
-9.18325e-07
-1.44567e-06
-2.01137e-06
-2.6145e-06
-3.25573e-06
-3.93816e-06
-4.67215e-06
-5.47463e-06
-6.36782e-06
-7.37528e-06
-8.52135e-06
-9.82825e-06
-1.13162e-05
-1.30016e-05
-1.48967e-05
-1.70063e-05
-1.93241e-05
-2.18317e-05
-2.45049e-05
-2.73161e-05
-3.0239e-05
-3.3249e-05
-3.63254e-05
-3.94516e-05
-4.26157e-05
-4.58122e-05
-4.90449e-05
-5.23252e-05
-5.56679e-05
-5.90865e-05
-6.25909e-05
-6.61856e-05
-6.98694e-05
-7.36342e-05
-7.74667e-05
-8.13482e-05
-8.52575e-05
-8.91719e-05
-9.30703e-05
-9.69325e-05
-0.000100741
-0.000104481
-0.000108137
-0.000111697
-0.000115147
-0.00011847
-0.000121634
-0.000124594
-0.000127296
-0.00012968
-0.000131684
-0.000133253
-0.000134332
-0.000134879
-0.000134859
-0.000134257
-0.000133089
-0.000131404
-0.000129275
-0.000126783
-0.000124016
-0.000121055
-0.000117976
-0.000114839
-9.56989e-05
-6.69199e-05
-6.17371e-05
-6.84764e-05
-7.74822e-05
-9.28442e-05
-0.000109063
-0.000127346
-0.000144925
-0.000161856
-0.000176862
-0.000189751
-0.000200133
-0.000207944
-0.000213307
-0.000216316
-0.000217338
-0.000216561
-0.000214428
-0.000211151
-0.000207146
-0.000202587
-0.000197786
-0.000192824
-0.000187898
-0.000183021
-0.000178307
-0.000173726
-0.000169342
-0.000165107
-0.000161059
-0.000157154
-0.000153436
-0.000149888
-0.000146564
-0.000143464
-0.000140643
-0.000138101
-0.000135883
-0.000133983
-0.00013234
-0.000131259
-0.000130327
-0.00012752
-0.000122506
-0.00011624
-0.000109106
-0.00010152
-9.37302e-05
-8.59263e-05
-7.82189e-05
-7.06879e-05
-6.34027e-05
-5.64301e-05
-4.98471e-05
-4.37171e-05
-3.81207e-05
-3.31128e-05
-2.87673e-05
-2.51224e-05
-2.22322e-05
-2.00985e-05
-1.87178e-05
-1.80275e-05
-1.79724e-05
-1.84593e-05
-1.94141e-05
-2.07393e-05
-2.23615e-05
-2.41933e-05
-2.6172e-05
-2.82283e-05
-3.03169e-05
-3.23882e-05
-3.44088e-05
-3.63405e-05
-3.81563e-05
-3.98264e-05
-4.13306e-05
-4.26486e-05
-4.37706e-05
-4.46954e-05
-4.54423e-05
-4.60452e-05
-4.65506e-05
-4.70112e-05
-4.74828e-05
-4.80218e-05
-4.86814e-05
-4.95115e-05
-5.05553e-05
-5.185e-05
-5.34243e-05
-5.53007e-05
-5.74943e-05
-6.00142e-05
-6.28619e-05
-6.60321e-05
-6.95108e-05
-7.32758e-05
-7.72942e-05
-8.15175e-05
-8.58743e-05
-9.02727e-05
-9.46063e-05
-9.87608e-05
-0.00010262
-0.00010607
-0.000109005
-0.000111332
-0.000112972
-0.000113868
-0.000113989
-0.00011333
-0.000111912
-0.000109774
-0.000106972
-0.000103574
-9.96602e-05
-9.53133e-05
-9.06236e-05
-8.56807e-05
-8.05764e-05
-7.53987e-05
-7.02354e-05
-6.51665e-05
-6.02696e-05
-5.56121e-05
-5.12567e-05
-4.72544e-05
-4.36503e-05
-4.04768e-05
-3.77599e-05
-3.5512e-05
-3.37387e-05
-3.24314e-05
-3.15759e-05
-3.11448e-05
-3.11066e-05
-3.14184e-05
-3.2035e-05
-3.28989e-05
-3.39479e-05
-3.51081e-05
-3.63068e-05
-3.74673e-05
-3.85203e-05
-3.93981e-05
-4.00452e-05
-4.04115e-05
-4.04626e-05
-4.01741e-05
-3.95428e-05
-3.85772e-05
-3.73032e-05
-3.57533e-05
-3.39731e-05
-3.20104e-05
-2.99228e-05
-2.7767e-05
-2.56067e-05
-2.35008e-05
-2.15095e-05
-1.96866e-05
-1.80909e-05
-1.67782e-05
-1.58111e-05
-1.52503e-05
-1.51625e-05
-1.56114e-05
-1.66659e-05
-1.83937e-05
-2.08729e-05
-2.41792e-05
-2.83879e-05
-3.3561e-05
-3.97513e-05
-4.69916e-05
-5.53012e-05
-6.46766e-05
-7.50994e-05
-8.65268e-05
-9.88993e-05
-0.000112134
-0.000126136
-0.000140793
-0.000155985
-0.000171582
-0.000187451
-0.000203452
-0.000219449
-0.000235303
-0.000250881
-0.000266055
-0.000280706
-0.000294717
-0.000307983
-0.000320397
-0.000331862
-0.000342274
-0.000347289
-0.000381398
-0.000441187
-0.000478307
-0.000507979
-0.000531249
-0.000547919
-0.000561442
-0.000570074
-0.000576544
-0.000578982
-0.000579368
-0.000576101
-0.000570674
-0.000561867
-0.000550873
-0.000536849
-0.000520787
-0.000502156
-0.000481789
-0.000459372
-0.000435571
-0.00041017
-0.000383653
-0.000355864
-0.000327147
-0.000297402
-0.000266886
-0.000235567
-0.000203666
-0.000171242
-0.000138541
-0.000105764
-7.32251e-05
-4.12281e-05
-1.01059e-05
1.97986e-05
4.81862e-05
7.47374e-05
9.92342e-05
0.000127615
0.000167265
0.000206427
0.000232498
0.000249719
0.000260302
0.000265065
0.000266008
0.000263709
0.000259497
0.000253722
0.000247141
0.000239835
0.00023213
0.000223907
0.000215229
0.000205872
0.000195763
0.00018465
0.000172422
0.000158853
0.000143862
0.000127301
0.000109166
8.93939e-05
6.80418e-05
4.51064e-05
2.06901e-05
-5.16374e-06
-3.23138e-05
-6.06761e-05
-9.00764e-05
-0.000120405
-0.000151474
-0.000183153
-0.000215229
-0.000247542
-0.000279851
-0.000311972
-0.000343645
-0.000374678
-0.000404816
-0.000433885
-0.000461656
-0.000487975
-0.000512637
-0.000535503
-0.000556389
-0.000575177
-0.000591705
-0.000605876
-0.00061754
-0.000626596
-0.000632896
-0.000636359
-0.000636883
-0.00063445
-0.000629036
-0.000620701
-0.000609502
-0.000595578
-0.000579068
-0.000560199
-0.000539194
-0.000516333
-0.000491866
-0.000466079
-0.000439211
-0.000411522
-0.000383224
-0.000354539
-0.000325643
-0.000296718
-0.000267892
-0.0002393
-0.000211024
-0.000183152
-0.000155724
-0.00012878
-0.000102316
-7.63225e-05
-5.07324e-05
-2.54673e-05
-4.11935e-07
2.45253e-05
4.94428e-05
7.43925e-05
9.94104e-05
0.00012447
0.000149511
0.000174402
0.000198952
0.000222881
0.00024588
0.000267598
0.000287694
0.000305825
0.000321687
0.000335002
0.000345555
0.000353176
0.000357783
0.000359355
0.000357944
0.000353638
0.000346571
0.000336889
0.000324766
0.000310369
0.000293874
0.000275436
0.000255203
0.000233288
0.0002098
0.000184829
0.000158468
0.000130804
0.000101933
7.19532e-05
4.09812e-05
9.14001e-06
-2.34211e-05
-5.65377e-05
-9.00249e-05
-0.000123695
-0.000157352
-0.000190808
-0.000223874
-0.000256377
-0.000288152
-0.000319053
-0.00034895
-0.000377743
-0.000405342
-0.000431668
-0.000456639
-0.000480174
-0.000502177
-0.000522546
-0.00054116
-0.000557886
-0.000572562
-0.000584999
-0.000595005
-0.000602395
-0.000607011
-0.00060873
-0.000607476
-0.000603227
-0.000596017
-0.00058595
-0.00057321
-0.000558067
-0.000540842
-0.000521875
-0.000501501
-0.000480032
-0.000457732
-0.000434812
-0.000411414
-0.000368701
-0.000376985
-0.000393104
-0.000379949
-0.000368626
-0.000345352
-0.00032242
-0.000292544
-0.000262873
-0.000228948
-0.00019517
-0.000158821
-0.000122809
-8.55293e-05
-4.90063e-05
-1.23125e-05
2.30885e-05
5.77178e-05
9.05031e-05
0.000121739
0.000150657
0.000177459
0.000201652
0.000223427
0.000242494
0.000259032
0.000272891
0.000284232
0.000292998
0.000299339
0.000303262
0.000304901
0.000304289
0.000301524
0.000296651
0.000289767
0.000280954
0.00027033
0.000258019
0.000259229
0.000268107
0.000253572
0.000226963
0.000197443
0.000161173
0.000123404
8.29983e-05
4.25606e-05
2.00402e-06
-3.75378e-05
-7.59506e-05
-0.000112973
-0.000148654
-0.000183252
-0.00021697
-0.000250263
-0.000283367
-0.000316728
-0.000350517
-0.000385062
-0.000420408
-0.000456707
-0.000493835
-0.000531746
-0.000570173
-0.00060892
-0.00064763
-0.000686015
-0.000723665
-0.000760244
-0.000795317
-0.000828519
-0.000859417
-0.000887664
-0.000912882
-0.000934783
-0.00095307
-0.000967534
-0.000977976
-0.000984279
-0.000986346
-0.000984154
-0.000977693
-0.000967017
-0.000952206
-0.000933405
-0.000910792
-0.000884604
-0.000855115
-0.00082265
-0.000787567
-0.000750294
-0.000711298
-0.000671082
-0.000630134
-0.000588923
-0.000547867
-0.000507332
-0.000467613
-0.00042894
-0.000391463
-0.000355244
-0.000320255
-0.000286404
-0.000253555
-0.000221557
-0.000190251
-0.000159492
-0.000129152
-9.9127e-05
-6.93431e-05
-3.9755e-05
-1.03485e-05
1.88568e-05
4.78123e-05
7.64406e-05
0.000104641
0.000132291
0.000159249
0.00018536
0.000210454
0.000234337
0.0002568
0.00027763
0.000296628
0.000313617
0.000328453
0.000341029
0.000351282
0.000359189
0.000364774
0.000368102
0.000369285
0.000368457
0.000365776
0.000361407
0.000355523
0.000348291
0.000339873
0.000330417
0.00032006
0.000308927
0.000297137
0.000284795
0.000271994
0.0002588
0.000245259
0.000231386
0.000217181
0.000202609
0.000187623
0.000172137
0.000156051
0.000139253
0.000121649
0.000103161
8.37527e-05
6.34192e-05
4.22095e-05
2.02124e-05
-2.42325e-06
-2.54952e-05
-4.87466e-05
-7.19126e-05
-9.47226e-05
-0.000116936
-0.000138339
-0.000158774
-0.000178129
-0.000196363
-0.000213495
-0.00022963
-0.000244931
-0.000259607
-0.00027388
-0.000287981
-0.000302123
-0.000316504
-0.000331279
-0.000346577
-0.000362472
-0.000378998
-0.00039613
-0.000413809
-0.000431924
-0.000450339
-0.00046888
-0.00048736
-0.000505559
-0.000523253
-0.000540189
-0.000556111
-0.000570746
-0.000583845
-0.000595172
-0.000604535
-0.000611768
-0.000616761
-0.00061944
-0.000619792
-0.000544061
-0.000447332
-0.00041004
-0.000379063
-0.000360925
-0.000347826
-0.000339908
-0.000333317
-0.000327173
-0.000320004
-0.000310977
-0.000299982
-0.000286482
-0.00027109
-0.000253481
-0.00023456
-0.000214065
-0.000192939
-0.000170878
-0.000148722
-0.000126067
-0.00010356
-8.06319e-05
-5.77523e-05
-3.42957e-05
-1.0661e-05
1.37423e-05
3.85077e-05
6.41276e-05
9.01378e-05
0.000116892
0.000143811
0.000171056
0.000197949
0.000224557
0.000250197
0.000274915
0.000298085
0.000319789
0.000339495
0.000360176
0.000352785
0.000321769
0.000307236
0.00029632
0.000287628
0.000281352
0.000274135
0.000267473
0.000258671
0.000249345
0.000237461
0.00022441
0.000208644
0.000191331
0.000171336
0.000149669
0.000125544
9.98755e-05
7.21799e-05
4.33368e-05
1.31863e-05
-1.73108e-05
-4.80666e-05
-7.81906e-05
-0.000107555
-0.000135458
-0.00016186
-0.000186309
-0.00020892
-0.000229524
-0.000248474
-0.000265952
-0.000282511
-0.000298478
-0.000314402
-0.000330586
-0.000347456
-0.000365188
-0.000384019
-0.000403953
-0.000424986
-0.000446889
-0.000469454
-0.000492342
-0.000515283
-0.000537947
-0.000560095
-0.000581473
-0.000601927
-0.000621315
-0.000639613
-0.000656837
-0.000673073
-0.000688398
-0.00070291
-0.000716663
-0.000729699
-0.000742002
-0.000753523
-0.000764149
-0.000773705
-0.000781939
-0.000788579
-0.000793339
-0.000795955
-0.000796189
-0.000793854
-0.00078881
-0.000780986
-0.000770371
-0.000757058
-0.000741215
-0.000723064
-0.000702844
-0.000680807
-0.000657181
-0.000632177
-0.000605961
-0.000578664
-0.000550353
-0.000521016
-0.000490557
-0.00045886
-0.000425795
-0.000391257
-0.000355167
-0.000317507
-0.000278308
-0.00023768
-0.000195801
-0.000152967
-0.000109557
-6.60097e-05
-2.27823e-05
1.96528e-05
6.08493e-05
0.000100379
0.000137868
0.000172984
0.000205472
0.000235144
0.000261908
0.000285712
0.000306565
0.0003245
0.000339589
0.000351906
0.000361554
0.000368621
0.000373211
0.000375393
0.000375237
0.000372794
0.000368138
0.00036134
0.000352507
0.000341751
0.000329227
0.000315098
0.000299574
0.000282894
0.00026536
0.000247266
0.000228903
0.000210506
0.000192276
0.00017433
0.000156736
0.000139475
0.000122472
0.000105547
8.84531e-05
7.08884e-05
5.25615e-05
3.31875e-05
1.25408e-05
-9.56311e-06
-3.32263e-05
-5.84971e-05
-8.53386e-05
-0.000113666
-0.000143315
-0.000174079
-0.000205688
-0.000237857
-0.000270257
-0.000302555
-0.000334389
-0.000365407
-0.000395227
-0.000423465
-0.000449706
-0.000473565
-0.000494658
-0.000512644
-0.000527203
-0.000538072
-0.000545016
-0.000547862
-0.000530351
-0.00038979
-0.000246096
-0.000167722
-9.93325e-05
-5.86295e-05
-2.16623e-05
5.0418e-06
3.43104e-05
6.25226e-05
9.63104e-05
0.000132873
0.000175117
0.00022047
0.000269784
0.000320811
0.000373438
0.000425879
0.000477697
0.000527641
0.000575292
0.000619977
0.000661536
0.000699817
0.000734832
0.000766693
0.000795439
0.000821257
0.000844119
0.000864175
0.000881281
0.000895479
0.000906481
0.000914237
0.000918434
0.000919054
0.000915863
0.000908947
0.000898208
0.000883861
0.000883969
0.000830171
0.000766536
0.000729087
0.000687002
0.000653841
0.000617226
0.000584345
0.00054791
0.000512379
0.000473273
0.000433461
0.000390141
0.00034528
0.000297161
0.000247234
0.000194499
0.000140105
8.35348e-05
2.57568e-05
-3.34026e-05
-9.3067e-05
-0.000153136
-0.000212802
-0.000271829
-0.000329531
-0.000385646
-0.000439636
-0.000491277
-0.00054019
-0.000586224
-0.000629183
-0.000669064
-0.000705858
-0.000739646
-0.0007705
-0.000798505
-0.000823741
-0.000846252
-0.000866082
-0.00088321
-0.000897592
-0.000909084
-0.000917566
-0.000922865
-0.000924892
-0.000923541
-0.000918824
-0.000910751
-0.000899463
-0.000885105
-0.000867956
-0.000848286
-0.000826456
-0.000802772
-0.000777606
-0.000751248
-0.000724033
-0.000696205
-0.00066804
-0.000639725
-0.000611497
-0.000583537
-0.000556071
-0.00052924
-0.000503209
-0.000478041
-0.000453808
-0.000430479
-0.000408028
-0.000386328
-0.000365247
-0.00034456
-0.000324069
-0.000303528
-0.000282751
-0.000261531
-0.000239737
-0.000217232
-0.000193959
-0.000169853
-0.000144899
-0.000119035
-9.22518e-05
-6.45331e-05
-3.59513e-05
-6.59528e-06
2.33449e-05
5.36538e-05
8.40154e-05
0.000114083
0.000143371
0.000171336
0.00019736
0.000220875
0.000241328
0.000258284
0.000271373
0.000280377
0.000285161
0.00028575
0.000282268
0.000274991
0.00026425
0.000250464
0.000234053
0.000215481
0.000195178
0.00017359
0.000151107
0.000128123
0.000104986
8.20578e-05
5.96453e-05
3.80385e-05
1.74494e-05
-1.94021e-06
-2.00346e-05
-3.67716e-05
-5.21728e-05
-6.62934e-05
-7.92878e-05
-9.13536e-05
-0.000102749
-0.000113716
-0.000124508
-0.000135327
-0.000146355
-0.000157705
-0.000169461
-0.000181632
-0.000194203
-0.000207099
-0.000220238
-0.000233491
-0.000246736
-0.00025981
-0.000272565
-0.000284823
-0.000296423
-0.000307176
-0.000316879
-0.000325258
-0.000332042
-0.000336955
-0.000339778
-0.000340325
-0.000338495
-0.00033424
-0.00032761
-0.000318711
-0.000307767
-0.000295066
-0.000280971
-0.00026585
-0.000250086
-0.000234029
-0.000218009
-0.000202299
-0.000187141
-0.000238336
-0.000217124
-5.95672e-05
5.78012e-05
0.00015825
0.000245879
0.000320626
0.000389157
0.000449404
0.000506401
0.000557601
0.000606567
0.000650821
0.000693009
0.000731018
0.000766909
0.000798957
0.000828838
0.000855182
0.000879402
0.000900428
0.000919484
0.000935743
0.000950283
0.000962458
0.000973214
0.00098203
0.000989737
0.000995903
0.00100125
0.00100543
0.00100906
0.0010118
0.00101412
0.00101563
0.00101666
0.00101676
0.00101616
0.00101437
0.00101152
0.00107813
0.00116401
0.00118938
0.00120467
0.00120421
0.00119525
0.00117795
0.00115598
0.00113032
0.00110246
0.00107325
0.00104294
0.00101209
0.000980305
0.00094797
0.000914446
0.000880063
0.000844176
0.000807163
0.000768488
0.000728632
0.000687247
0.000644972
0.000601618
0.000557863
0.00051356
0.000469328
0.000424985
0.00038104
0.000337233
0.000293932
0.000250756
0.00020789
0.000164866
0.0001218
7.82527e-05
3.43667e-05
-1.02025e-05
-5.52357e-05
-0.00010095
-0.000147027
-0.000193533
-0.00024003
-0.000286469
-0.000332374
-0.000377666
-0.000421891
-0.000464988
-0.000506569
-0.00054662
-0.000584838
-0.000621303
-0.000655839
-0.000688597
-0.000719439
-0.000748497
-0.000775598
-0.000800799
-0.000823861
-0.000844744
-0.00086312
-0.000878799
-0.000891283
-0.000900267
-0.00090526
-0.000906042
-0.000902289
-0.000893984
-0.000881049
-0.000863719
-0.000842189
-0.000817001
-0.000788691
-0.000758055
-0.000725777
-0.000692684
-0.000659413
-0.000626671
-0.000594936
-0.000564719
-0.000536285
-0.000509894
-0.000485551
-0.000463276
-0.000442901
-0.000424328
-0.000407325
-0.000391763
-0.000377418
-0.000364184
-0.000351886
-0.000340489
-0.000329916
-0.000320209
-0.000311332
-0.000303326
-0.000296131
-0.000289739
-0.000284027
-0.000278913
-0.000274196
-0.000269685
-0.000265063
-0.000260062
-0.000254349
-0.000247691
-0.000239831
-0.000230635
-0.000219972
-0.00020784
-0.000194253
-0.000179382
-0.000163427
-0.000146688
-0.000129416
-0.000111902
-9.4346e-05
-7.69477e-05
-5.97968e-05
-4.29667e-05
-2.64091e-05
-1.00274e-05
6.38717e-06
2.30062e-05
4.00267e-05
5.75611e-05
7.57077e-05
9.44554e-05
0.00011376
0.00013346
0.000153354
0.000173115
0.00019242
0.000210929
0.000228367
0.000244459
0.000259004
0.000271809
0.000282763
0.000291766
0.000298802
0.000303867
0.000307
0.000308193
0.000307456
0.000304769
0.000300143
0.000293569
0.000285076
0.000274678
0.000262424
0.000248347
0.000232522
0.00021503
0.000196003
0.000175573
0.000153918
0.000131207
0.000107649
8.34401e-05
1.02798e-06
-0.000134861
-0.000186708
-0.000169577
-0.000134602
-6.4894e-05
1.5227e-05
0.000107467
0.000201463
0.000295007
0.000384203
0.00046679
0.000541966
0.000608303
0.000666466
0.000715804
0.000757593
0.000791664
0.000819428
0.000840916
0.000857428
0.000868999
0.000876715
0.000880585
0.000881535
0.000879546
0.00087541
0.000869093
0.000861297
0.000852003
0.000841878
0.000830968
0.000819947
0.000808876
0.000798348
0.000788394
0.000779518
0.000771705
0.000765365
0.000760423
0.00076797
0.000893396
0.00102432
0.0010908
0.00114749
0.00117606
0.00120014
0.00121256
0.00122593
0.00123614
0.00124969
0.00126346
0.00128036
0.00129766
0.00131633
0.00133404
0.00135084
0.00136491
0.00137597
0.00138274
0.00138495
0.00138187
0.00137343
0.00135936
0.00133972
0.00131459
0.00128414
0.00124866
0.00120839
0.00116376
0.00111504
0.00106272
0.0010071
0.000948716
0.000887872
0.000825073
0.00076057
0.000694784
0.000627877
0.000560166
0.000491712
0.000422703
0.000353076
0.000282925
0.000212162
0.000140871
6.89941e-05
-3.3506e-06
-7.6154e-05
-0.000149232
-0.000222482
-0.000295638
-0.000368536
-0.000440919
-0.000512636
-0.000583423
-0.000653076
-0.000721276
-0.00078775
-0.000852124
-0.000914068
-0.000973149
-0.00102892
-0.00108083
-0.00112835
-0.00117095
-0.00120821
-0.00123976
-0.00126536
-0.00128487
-0.00129827
-0.00130569
-0.00130738
-0.00130373
-0.00129517
-0.00128219
-0.00126529
-0.00124493
-0.00122156
-0.00119557
-0.00116728
-0.00113695
-0.00110479
-0.00107095
-0.00103556
-0.000998715
-0.000960492
-0.00092095
-0.00088013
-0.000838075
-0.00079482
-0.000750395
-0.000704782
-0.000657934
-0.000609784
-0.000560299
-0.000509475
-0.00045738
-0.000404128
-0.000349913
-0.000294976
-0.000239665
-0.000184414
-0.000129757
-7.62505e-05
-2.44596e-05
2.51017e-05
7.19645e-05
0.000115752
0.000156159
0.000192985
0.000226111
0.00025553
0.000281302
0.000303577
0.000322548
0.000338473
0.000351631
0.000362341
0.000370928
0.000377746
0.00038317
0.000387626
0.000391537
0.000395318
0.000399325
0.000403871
0.000409178
0.000415405
0.000422613
0.000430783
0.000439772
0.000449337
0.000459152
0.000468863
0.000478084
0.000486441
0.00049357
0.000499145
0.000502873
0.000504522
0.000503902
0.00050087
0.0004953
0.000487111
0.000476254
0.000462741
0.000446621
0.000428005
0.000407037
0.000383911
0.000358879
0.000332287
0.000304551
0.000276131
0.000247469
0.000218979
0.000191007
0.000163838
0.000137674
8.30823e-05
-4.58564e-05
-0.000191235
-0.000262642
-0.000277191
-0.000256322
-0.000206763
-0.000144153
-7.35121e-05
-4.01907e-06
6.15001e-05
0.000118558
0.000166228
0.000203102
0.000229536
0.000245929
0.000253299
0.000252928
0.000246028
0.000234161
0.000218452
0.000200443
0.000181125
0.0001619
0.00014352
0.000127089
0.000113051
0.000102156
9.45424e-05
9.06167e-05
9.02478e-05
9.35278e-05
0.000100068
0.00010968
0.000121807
0.000136103
0.000151957
0.000168958
0.000186503
0.000204166
0.000154206
0.000165419
0.000308178
0.000419689
0.000518954
0.000608776
0.000687334
0.000759957
0.000823557
0.00088232
0.000933269
0.000979632
0.00101899
0.00105402
0.00108295
0.0011081
0.00112823
0.00114536
0.00115864
0.00116982
0.00117828
0.00118549
0.00119098
0.00119597
0.00120001
0.00120407
0.00120769
0.00121157
0.0012152
0.00121905
0.00122258
0.00122605
0.00122884
0.00123101
0.00123189
0.00123145
0.00122905
0.00122465
0.00121769
0.00120818
0.00119569
0.0011803
0.0011617
0.00114007
0.00111524
0.00108745
0.00105662
0.00102303
0.000986666
0.000947821
0.000906512
0.00086305
0.00081747
0.000770077
0.000720919
0.000670296
0.000618276
0.000565159
0.000511025
0.000456169
0.000400677
0.000344833
0.000288731
0.000232655
0.000176697
0.000121107
6.59379e-05
1.13818e-05
-4.25561e-05
-9.57347e-05
-0.000148183
-0.000199799
-0.00025064
-0.000300642
-0.000349873
-0.000398253
-0.000445805
-0.000492399
-0.000537998
-0.000582419
-0.000625578
-0.00066726
-0.000707351
-0.000745622
-0.000781956
-0.000816144
-0.000848101
-0.000877666
-0.000904801
-0.000929395
-0.000951457
-0.000970927
-0.000987858
-0.00100223
-0.00101413
-0.00102357
-0.00103065
-0.00103538
-0.00103786
-0.0010381
-0.00103619
-0.00103211
-0.00102589
-0.00101747
-0.00100683
-0.000993861
-0.000978551
-0.000960805
-0.000940619
-0.000917939
-0.000892807
-0.000865238
-0.000835369
-0.000803326
-0.000769341
-0.00073361
-0.000696409
-0.000657962
-0.000618548
-0.000578382
-0.00053772
-0.000496733
-0.000455607
-0.000414436
-0.000373335
-0.000332342
-0.000291535
-0.000250932
-0.000210596
-0.000170543
-0.000130842
-9.15265e-05
-5.27024e-05
-1.44498e-05
2.30905e-05
5.9822e-05
9.56059e-05
0.000130358
0.000163962
0.000196356
0.000227452
0.000257221
0.000285615
0.000312656
0.000338332
0.000362672
0.000385657
0.000407293
0.000427538
0.000446369
0.00046372
0.000479546
0.000493749
0.000506254
0.000516949
0.000525774
0.000532651
0.000537565
0.000540493
0.000534199
0.00050054
0.000445453
0.00040639
0.000390246
0.000382916
0.000385138
0.000391406
0.000398987
0.000406272
0.000410604
0.000411915
0.000408603
0.000401313
0.000389588
0.000374411
0.000356106
0.000335692
0.000313869
0.000291506
0.000269376
0.000248083
0.000228246
0.000210083
0.000193861
0.000179403
0.000166674
0.000155243
0.000144889
0.000135075
0.000125506
0.000115658
0.00010527
9.3941e-05
8.15475e-05
6.78814e-05
5.29712e-05
3.6785e-05
1.94746e-05
1.13917e-06
-1.79925e-05
-9.90147e-05
-0.000241966
-0.000303006
-0.000287697
-0.000248182
-0.000169808
-7.75667e-05
2.88493e-05
0.000138351
0.00024794
0.000353197
0.000451466
0.000541685
0.000622299
0.000693924
0.000755952
0.000809754
0.000855299
0.000894173
0.000926585
0.000954035
0.000976755
0.000996043
0.00101207
0.00102589
0.00103753
0.00104777
0.00105647
0.00106415
0.00107054
0.00107594
0.00107998
0.0010828
0.00108392
0.00108336
0.00108064
0.00107574
0.00106824
0.00105818
0.00104522
0.00102946
0.00101068
0.000989064
0.000964476
0.000937168
0.00090709
0.000874516
0.000839445
0.000802159
0.000762684
0.000721302
0.000678071
0.000633299
0.00058712
0.000539895
0.000491817
0.000443266
0.000394453
0.000345739
0.00029732
0.000249507
0.000202442
0.000156311
0.000111102
6.68255e-05
2.33395e-05
-1.94523e-05
-6.17483e-05
-0.000103681
-0.000145443
-0.000187149
-0.000228929
-0.00027081
-0.000312787
-0.000354745
-0.000396545
-0.00043797
-0.000478791
-0.00051873
-0.000557517
-0.000594858
-0.000630466
-0.00066403
-0.000695231
-0.000723752
-0.000749301
-0.000771629
-0.000790531
-0.000805866
-0.000817538
-0.000825526
-0.000829875
-0.000830767
-0.0008285
-0.000823483
-0.000816149
-0.000806964
-0.00079635
-0.000784718
-0.000772398
-0.000759681
-0.000746745
-0.000733675
-0.000720391
-0.000706751
-0.000692524
-0.00067749
-0.000661392
-0.00064403
-0.000625197
-0.000604763
-0.000582606
-0.000558691
-0.000532991
-0.000505553
-0.00047641
-0.000445655
-0.000413354
-0.000379623
-0.000344548
-0.000308261
-0.000270877
-0.000232592
-0.00019362
-0.000154251
-0.00011476
-7.54642e-05
-3.66367e-05
1.42869e-06
3.85032e-05
7.43521e-05
0.000108834
0.000141855
0.000173463
0.000203744
0.000232865
0.000260978
0.000288274
0.00031489
0.000340977
0.000366614
0.000391867
0.000416694
0.000441014
0.000464647
0.00048741
0.000509064
0.0005294
0.000548179
0.00056521
0.00058029
0.000593277
0.000604023
0.000612447
0.000618465
0.000622051
0.000623177
0.000621867
0.000618137
0.000612051
0.000603659
0.000593056
0.000580314
0.000565546
0.000548841
0.000530325
0.000510101
0.000488307
0.000465061
0.000440512
0.000414787
0.000388054
0.000360475
0.000332264
0.000303627
0.000274795
0.000245967
0.000217354
0.000189119
0.00016143
0.000134402
0.000108137
8.26521e-05
5.79238e-05
3.3858e-05
1.03609e-05
-1.26899e-05
-3.53861e-05
-5.78236e-05
-8.00521e-05
-0.000102112
-0.000123974
-0.000145553
-0.000166652
-0.000187031
-0.000206395
-0.000224463
-0.000240945
-0.000255595
-0.000268191
-0.00030528
-0.000408589
-0.000526106
-0.000575441
-0.000571631
-0.000534354
-0.000469442
-0.000390934
-0.000303323
-0.000214799
-0.00012802
-4.70614e-05
2.70329e-05
9.28476e-05
0.000150423
0.000199878
0.000241803
0.000277048
0.000306354
0.00033079
0.000351006
0.000368003
0.000382236
0.000394517
0.000405091
0.000414556
0.000422973
0.000430746
0.000437805
0.000444404
0.000450394
0.000455924
0.000460792
0.000465052
0.000468469
0.000471038
0.000472533
0.000472938
0.000472065
0.000469909
0.000466335
0.000461368
0.000454949
0.000447174
0.000438084
0.000427828
0.000416502
0.000404268
0.000391241
0.000377575
0.000363377
0.000348774
0.00033384
0.000318636
0.000303181
0.000287485
0.00027154
0.000255331
0.000238846
0.000222067
0.00020499
0.000187608
0.000169943
0.000152018
0.000133892
0.000115614
9.72594e-05
7.88872e-05
6.05758e-05
4.23818e-05
2.4379e-05
6.61387e-06
-1.08541e-05
-2.79999e-05
-4.47853e-05
-6.1203e-05
-7.72268e-05
-9.28575e-05
-0.000108074
-0.000122879
-0.000137251
-0.00015119
-0.000164672
-0.000177689
-0.000190208
-0.000202213
-0.000213665
-0.000224544
-0.000234809
-0.000244438
-0.000253392
-0.000261653
-0.000269193
-0.000276015
-0.000282113
-0.000287509
-0.00029221
-0.000296247
-0.000299634
-0.000302403
-0.000304566
-0.000306147
-0.000307134
-0.000307509
-0.000307212
-0.000306192
-0.000304374
-0.000301703
-0.000298112
-0.000293558
-0.000287998
-0.000281417
-0.000273821
-0.000265266
-0.000255828
-0.000245619
-0.00023475
-0.00022335
-0.000211536
-0.000199432
-0.000187145
-0.000174776
-0.000162399
-0.000150073
-0.000137826
-0.000125677
-0.000113627
-0.000101677
-8.98152e-05
-7.80366e-05
-6.6328e-05
-5.46852e-05
-4.30967e-05
-3.15583e-05
-2.00598e-05
-8.59984e-06
2.82631e-06
1.42139e-05
2.55599e-05
3.68526e-05
4.80811e-05
5.92245e-05
7.02572e-05
8.11364e-05
9.18135e-05
0.000102229
0.000112326
0.000122041
0.000131318
0.0001401
0.000148338
0.000155988
0.000163019
0.00016941
0.000175156
0.00018026
0.000184732
0.000188588
0.00019185
0.00019454
0.000196682
0.000198301
0.00019942
0.000200062
0.000200247
0.000199994
0.000199321
0.000198244
0.00019678
0.000194943
0.000192747
0.000190205
0.00018732
0.000184091
0.000180505
0.000176545
0.000172191
0.000167424
0.000162225
0.000156579
0.000150474
0.000143908
0.000136893
0.000129465
0.000121678
0.000113601
0.000105308
9.68794e-05
8.83931e-05
7.99261e-05
7.15478e-05
6.33188e-05
5.52758e-05
4.74288e-05
3.97606e-05
3.22407e-05
2.48266e-05
1.74746e-05
1.01386e-05
2.77917e-06
-1.10663e-05
-4.75286e-05
-0.000101538
-0.000140049
-0.000156904
-0.000164394
-0.000161692
-0.000153474
-0.000142022
-0.000128635
-0.00011562
-0.000103021
-9.23487e-05
-8.32147e-05
-7.63493e-05
-7.12665e-05
-6.81475e-05
-6.65541e-05
-6.63546e-05
-6.72175e-05
-6.88742e-05
-7.1114e-05
-7.36416e-05
-7.63568e-05
-7.8995e-05
-8.15435e-05
-8.3791e-05
-8.57851e-05
-8.73697e-05
-8.86273e-05
-8.94491e-05
-8.99315e-05
-9.0002e-05
-8.97563e-05
-8.91478e-05
-8.82616e-05
-8.70693e-05
-8.56409e-05
-8.39601e-05
-8.20808e-05
-7.99953e-05
-7.77423e-05
-7.53204e-05
-7.27556e-05
-7.00518e-05
-6.72243e-05
-6.42819e-05
-6.1232e-05
-5.80874e-05
-5.485e-05
-5.1536e-05
-4.81435e-05
-4.46918e-05
-4.11762e-05
-3.76187e-05
-3.40128e-05
-3.03823e-05
-2.67196e-05
-2.30498e-05
-1.93648e-05
-1.569e-05
-1.20172e-05
-8.3718e-06
-4.7455e-06
-1.16335e-06
2.38299e-06
5.86923e-06
9.30356e-06
1.26628e-05
1.59549e-05
1.91579e-05
2.22797e-05
2.52997e-05
2.82255e-05
3.10382e-05
3.37451e-05
3.63288e-05
3.87965e-05
4.11324e-05
4.33435e-05
4.54158e-05
4.73559e-05
4.91515e-05
5.08092e-05
5.23183e-05
5.36852e-05
5.49008e-05
5.59715e-05
5.68896e-05
5.76617e-05
5.82814e-05
5.87553e-05
5.90786e-05
5.92576e-05
5.92891e-05
5.91793e-05
5.89263e-05
5.85364e-05
5.80088e-05
5.73499e-05
5.65599e-05
5.56454e-05
5.46076e-05
5.34529e-05
5.21836e-05
5.08062e-05
4.93237e-05
4.77426e-05
4.60667e-05
4.43024e-05
4.24542e-05
4.05284e-05
3.85301e-05
3.64656e-05
3.43403e-05
3.21604e-05
2.99318e-05
2.76605e-05
2.53526e-05
2.30141e-05
2.06511e-05
1.82694e-05
1.58755e-05
1.34746e-05
1.10734e-05
8.67691e-06
6.29161e-06
3.92227e-06
1.57531e-06
-7.44884e-07
-3.03205e-06
-5.28217e-06
-7.48922e-06
-9.64956e-06
-1.17575e-05
-1.38097e-05
-1.58009e-05
-1.77282e-05
-1.95867e-05
-2.13739e-05
-2.30853e-05
-2.47191e-05
-2.6271e-05
-2.77396e-05
-2.91213e-05
-3.04151e-05
-3.16178e-05
-3.2729e-05
-3.37459e-05
-3.46686e-05
-3.54949e-05
-3.62253e-05
-3.68581e-05
-3.73942e-05
-3.78324e-05
-3.81743e-05
-3.84189e-05
-3.85683e-05
-3.86221e-05
-3.85827e-05
-3.84502e-05
-3.82273e-05
-3.79146e-05
-3.75151e-05
-3.703e-05
-3.64625e-05
-3.58141e-05
-3.50884e-05
-3.42873e-05
-3.34145e-05
-3.24723e-05
-3.14646e-05
-3.0394e-05
-2.92647e-05
-2.80794e-05
-2.68425e-05
-2.55568e-05
-2.42269e-05
-2.28558e-05
-2.14481e-05
-2.0007e-05
-1.8537e-05
-1.70415e-05
-1.55249e-05
-1.39908e-05
-1.24435e-05
-1.08864e-05
-9.32383e-06
-7.75933e-06
-6.19697e-06
-4.64021e-06
-3.093e-06
-1.55868e-06
-4.10251e-08
1.45674e-06
2.93108e-06
4.37892e-06
5.79697e-06
7.18232e-06
8.53199e-06
9.84324e-06
1.11134e-05
1.23399e-05
1.35205e-05
1.46528e-05
1.57348e-05
1.67646e-05
1.77403e-05
1.86603e-05
1.95231e-05
2.03274e-05
2.10722e-05
2.17561e-05
2.23787e-05
2.29389e-05
2.34366e-05
2.38709e-05
2.42422e-05
2.45499e-05
2.47945e-05
2.49759e-05
2.50949e-05
2.51516e-05
2.51471e-05
2.50818e-05
2.49572e-05
2.47737e-05
2.45332e-05
2.42365e-05
2.38855e-05
2.34813e-05
2.30261e-05
2.25211e-05
2.19688e-05
2.13706e-05
2.0729e-05
2.00456e-05
1.93233e-05
1.85636e-05
1.77695e-05
1.69428e-05
1.60865e-05
1.52023e-05
1.42936e-05
1.33621e-05
1.2411e-05
1.14423e-05
1.04591e-05
9.4634e-06
8.45842e-06
7.44594e-06
6.42932e-06
5.41024e-06
4.39201e-06
3.37625e-06
2.36622e-06
1.36342e-06
3.71042e-07
-6.09531e-07
-1.57522e-06
-2.52477e-06
-3.45522e-06
-4.36547e-06
-5.2527e-06
-6.11597e-06
-6.95261e-06
-7.76187e-06
-8.54125e-06
-9.29018e-06
-1.00063e-05
-1.06893e-05
-1.13371e-05
-1.19494e-05
-1.25243e-05
-1.30618e-05
-1.35603e-05
-1.402e-05
-1.44392e-05
-1.48187e-05
-1.51568e-05
-1.54545e-05
-1.57104e-05
-1.59256e-05
-1.6099e-05
-1.62318e-05
-1.63232e-05
-1.63745e-05
-1.63852e-05
-1.63567e-05
-1.62887e-05
-1.61828e-05
-1.60387e-05
-1.58584e-05
-1.56418e-05
-1.53908e-05
-1.51055e-05
-1.47881e-05
-1.44387e-05
-1.40596e-05
-1.36511e-05
-1.32156e-05
-1.27536e-05
-1.22673e-05
-1.17575e-05
-1.12265e-05
-1.0675e-05
-1.01056e-05
-9.5188e-06
-8.91733e-06
-8.30183e-06
-7.67495e-06
-7.03738e-06
-6.39175e-06
-5.73878e-06
-5.0811e-06
-4.41938e-06
-3.75625e-06
-3.09236e-06
-2.43028e-06
-1.77062e-06
-1.1159e-06
-4.66683e-07
1.74594e-07
8.07437e-07
1.42948e-06
2.04032e-06
2.63769e-06
3.22125e-06
3.78886e-06
4.34028e-06
4.87348e-06
5.38833e-06
5.88291e-06
6.35722e-06
6.80947e-06
7.23977e-06
7.64646e-06
8.02978e-06
8.38822e-06
8.72214e-06
9.03015e-06
9.31277e-06
9.56874e-06
9.79869e-06
1.00015e-05
1.0178e-05
1.03272e-05
1.04499e-05
1.05454e-05
1.06146e-05
1.06569e-05
1.06733e-05
1.06634e-05
1.06283e-05
1.05676e-05
1.04827e-05
1.03732e-05
1.02405e-05
1.00845e-05
9.90666e-06
9.70687e-06
9.48673e-06
9.24622e-06
8.98701e-06
8.70915e-06
8.41437e-06
8.1028e-06
7.77622e-06
7.43481e-06
7.0804e-06
6.7132e-06
6.33507e-06
5.94628e-06
5.54869e-06
5.14259e-06
4.72985e-06
4.31078e-06
3.88726e-06
3.45958e-06
3.0296e-06
2.59762e-06
2.16548e-06
1.73346e-06
1.30336e-06
8.75429e-07
4.51423e-07
3.15733e-08
-3.8243e-07
-7.90396e-07
-1.19069e-06
-1.58318e-06
-1.9663e-06
-2.33997e-06
-2.70269e-06
-3.05444e-06
-3.39383e-06
-3.72088e-06
-4.03429e-06
-4.33417e-06
-4.61929e-06
-4.88983e-06
-5.14467e-06
-5.38406e-06
-5.60697e-06
-5.81374e-06
-6.00343e-06
-6.17645e-06
-6.33197e-06
-6.47049e-06
-6.59124e-06
-6.69483e-06
-6.78059e-06
-6.84917e-06
-6.90002e-06
-6.93387e-06
-6.95024e-06
-6.94995e-06
-6.93259e-06
-6.89906e-06
-6.84903e-06
-6.78345e-06
-6.70207e-06
-6.60592e-06
-6.49481e-06
-6.36981e-06
-6.2308e-06
-6.07891e-06
-5.91408e-06
-5.73746e-06
-5.54905e-06
-5.35005e-06
-5.14049e-06
-4.92159e-06
-4.69345e-06
-4.45728e-06
-4.21322e-06
-3.9625e-06
-3.70527e-06
-3.44279e-06
-3.1752e-06
-2.90378e-06
-2.62867e-06
-2.35113e-06
-2.07134e-06
-1.79051e-06
-1.50882e-06
-1.22749e-06
-9.46654e-07
-6.67515e-07
-3.90203e-07
-1.15877e-07
1.55352e-07
4.22364e-07
6.85075e-07
9.42407e-07
1.19431e-06
1.43975e-06
1.67872e-06
1.91023e-06
2.13431e-06
2.35004e-06
2.55749e-06
2.75579e-06
2.94506e-06
3.12448e-06
3.29423e-06
3.45356e-06
3.60268e-06
3.74091e-06
3.86852e-06
3.98488e-06
4.09032e-06
4.18428e-06
4.26713e-06
4.33838e-06
4.39844e-06
4.44688e-06
4.48417e-06
4.50994e-06
4.52471e-06
4.52816e-06
4.52086e-06
4.50254e-06
4.47382e-06
4.43448e-06
4.38518e-06
4.32575e-06
4.25689e-06
4.17846e-06
4.0912e-06
3.99503e-06
3.8907e-06
3.77817e-06
3.65822e-06
3.53083e-06
3.39682e-06
3.25619e-06
3.10977e-06
2.95759e-06
2.80049e-06
2.63852e-06
2.47253e-06
2.30258e-06
2.12952e-06
1.95342e-06
1.77513e-06
1.59474e-06
1.41307e-06
1.23022e-06
1.047e-06
8.63506e-07
6.80533e-07
4.98165e-07
3.17184e-07
1.3766e-07
-3.96465e-08
-2.14683e-07
-3.86714e-07
-5.55706e-07
-7.20952e-07
-8.8244e-07
-1.0395e-06
-1.19213e-06
-1.33971e-06
-1.48227e-06
-1.6192e-06
-1.75058e-06
-1.87584e-06
-1.99508e-06
-2.10777e-06
-2.21404e-06
-2.31341e-06
-2.40605e-06
-2.4915e-06
-2.56996e-06
-2.64104e-06
-2.70496e-06
-2.76136e-06
-2.81051e-06
-2.85208e-06
-2.88637e-06
-2.9131e-06
-2.9326e-06
-2.94463e-06
-2.94954e-06
-2.94712e-06
-2.93778e-06
-2.92134e-06
-2.89821e-06
-2.86825e-06
-2.83192e-06
-2.7891e-06
-2.74026e-06
-2.68532e-06
-2.62477e-06
-2.55856e-06
-2.48719e-06
-2.41063e-06
-2.32941e-06
-2.24351e-06
-2.15347e-06
-2.0593e-06
-1.96154e-06
-1.86022e-06
-1.75588e-06
-1.64855e-06
-1.53881e-06
-1.42667e-06
-1.31271e-06
-1.19696e-06
-1.07999e-06
-9.61835e-07
-8.43048e-07
-7.23677e-07
-6.04265e-07
-4.84853e-07
-3.65975e-07
-2.47666e-07
-1.30447e-07
-1.4344e-08
1.00137e-07
2.1298e-07
3.23698e-07
4.32287e-07
5.3828e-07
6.41689e-07
7.42066e-07
8.3944e-07
9.33387e-07
1.02395e-06
1.11074e-06
1.19381e-06
1.27279e-06
1.34777e-06
1.41839e-06
1.48477e-06
1.54659e-06
1.60396e-06
1.6566e-06
1.70465e-06
1.74786e-06
1.78638e-06
1.81998e-06
1.84885e-06
1.87277e-06
1.89197e-06
1.90625e-06
1.91584e-06
1.92059e-06
1.92075e-06
1.91616e-06
1.90713e-06
1.89351e-06
1.8756e-06
1.85331e-06
1.82695e-06
1.79643e-06
1.76208e-06
1.72384e-06
1.68205e-06
1.63666e-06
1.58801e-06
1.53609e-06
1.48125e-06
1.42346e-06
1.3631e-06
1.30016e-06
1.23501e-06
1.16766e-06
1.09847e-06
1.02745e-06
9.54994e-07
8.811e-07
8.06149e-07
7.30157e-07
6.53499e-07
5.76191e-07
4.98606e-07
4.20757e-07
3.43012e-07
2.65381e-07
1.88225e-07
1.11549e-07
3.57058e-08
-3.93059e-08
-1.13144e-07
-1.85818e-07
-2.56996e-07
-3.26698e-07
-3.94605e-07
-4.60745e-07
-5.24816e-07
-5.86856e-07
-6.46578e-07
-7.04032e-07
-7.58946e-07
-8.11385e-07
-8.61093e-07
-9.08146e-07
-9.52307e-07
-9.93668e-07
-1.032e-06
-1.06743e-06
-1.09972e-06
-1.12902e-06
-1.15513e-06
-1.17819e-06
-1.19802e-06
-1.21478e-06
-1.22831e-06
-1.23878e-06
-1.24605e-06
-1.25029e-06
-1.25138e-06
-1.24952e-06
-1.24459e-06
-1.23681e-06
-1.22607e-06
-1.21258e-06
-1.19629e-06
-1.17739e-06
-1.15583e-06
-1.13185e-06
-1.10538e-06
-1.07666e-06
-1.04566e-06
-1.01262e-06
-9.77506e-07
-9.40569e-07
-9.01782e-07
-8.61404e-07
-8.19414e-07
-7.76073e-07
-7.31365e-07
-6.85554e-07
-6.38628e-07
-5.90852e-07
-5.42215e-07
-4.92982e-07
-4.43145e-07
-3.92966e-07
-3.42437e-07
-2.91817e-07
-2.41097e-07
-1.90534e-07
-1.40114e-07
-9.00895e-08
-4.04446e-08
8.57587e-09
5.69915e-08
1.04565e-07
1.5132e-07
1.97028e-07
2.41719e-07
2.85173e-07
3.27427e-07
3.68269e-07
4.07745e-07
4.45654e-07
4.82048e-07
5.16736e-07
5.49781e-07
5.81001e-07
6.10469e-07
6.38013e-07
6.63715e-07
6.87416e-07
7.09206e-07
7.28938e-07
7.46711e-07
7.62388e-07
7.76079e-07
7.87658e-07
7.97244e-07
8.04721e-07
8.10218e-07
8.1363e-07
8.15093e-07
8.14514e-07
8.12036e-07
8.07575e-07
8.01283e-07
7.93086e-07
7.83141e-07
7.71383e-07
7.57977e-07
7.42865e-07
7.26217e-07
7.07983e-07
6.88338e-07
6.67239e-07
6.44865e-07
6.21177e-07
5.9636e-07
5.70379e-07
5.4342e-07
5.15454e-07
4.86669e-07
4.57038e-07
4.26751e-07
3.95782e-07
3.64322e-07
3.32347e-07
3.00046e-07
2.67397e-07
2.34587e-07
2.01594e-07
1.68604e-07
1.35592e-07
1.02741e-07
7.00265e-08
3.76269e-08
5.51455e-09
-2.61355e-08
-5.73539e-08
-8.79707e-08
-1.1802e-07
-1.47337e-07
-1.75961e-07
-2.03732e-07
